-5
2
7
10
11
7
2
-5
-14
-25
-38
-53
-70
-89
-110
-133
-158
-185
-214
-245
-278
-313
-350
-389
-430
-473
-518
-565
-614
-665
-718
-773
-830
-889
-950
-1013
-1078
-1145
-1214
-1285
-1358
-1433
-1510
-1589
-1670
-1753
-1838
-1925
-2014
-2105
-2198
-2293
-2390
-2489
-2590
-2693
-2798
-2905
-3014
-3125
-3238
-3353
-3470
-3589
-3710
-3833
-3958
-4085
-4214
-4345
-4478
-4613
-4750
-4889
-5173
-5318
-5465
-5614
-5765
-5918
-6073
-6230
-6389
-6550
-6713
-6878
-7045
-7214
-7385
-7558
-7733
-7910
-8089
-8270
-8453
-8638
-9014
-9205
-9398
-9593
-9790
-9989
-10190
-10393
-10598
-10805
-11014
-11225
-11438
-11653
-11870
-12089
-12310
-12533
-12758
-12985
-13214
-13445
-13678
-13913
-14150
-14389
-14630
-14873
-15118
-15365
-15614
-15865
-16118
-16373
-16630
-16889
-17413
-17678
-17945
-18214
-18485
-18758
-19033
-19310
-19589
-19870
-20153
-20438
-20725
-21014
-21305
-21598
-21893
-22190
-22489
-22790
-23093
-23398
-23705
-24014
-24325
-24638
-24953
-25270
-25589
-25910
-26233
-26558
-26885
-27214
-27545
-27878
-28213
-28550
-28889
-29230
-29573
-29918
-30265
-30614
-30965
-31318
-31673
-32030
-32389
-32750
-33113
-33478
-33845
-34214
-34585
-34958
-35333
-35710
-36089
-36470
-36853
-37238
-37625
-38014
-38405
-38798
-39193
-39590
-39989
-40390
-40793
-41198
-41605
-42014
-42425
-42838
-43253
-43670
-44089
-44510
-44933
-45358
-45785
-46214
-46645
-47078
-47513
-47950
-48389
-48830
-49273
-49718
-50165
-50614
-51065
-51518
-51973
-52430
-52889
-53350
-53813
-54278
-54745
-55214
-55685
-56158
-56633
-57110
-57589
-58070
-58553
-59038
-59525
-60014
-60505
-60998
-61493
-61990
-62489
-62990
-63493
-63998
-64505
-65014
-65525
-66038
-66553
-67070
-67589
-68110
-68633
-69685
-70214
-70745
-71278
-71813
-72350
-72889
-73430
-73973
-74518
-75065
-75614
-76165
-76718
-77273
-77830
-78389
-78950
-79513
-80078
-80645
-81214
-81785
-82358
-82933
-83510
-84089
-84670
-85253
-85838
-86425
-87014
-87605
-88198
-88793
-89390
-89989
-90590
-91193
-91798
-92405
-93014
-93625
-94238
-94853
-95470
-96089
-96710
-97333
-97958
-98585
-99214
-99845
-100478
-101113
-101750
-102389
-103030
-104318
-104965
-105614
-106265
-106918
-107573
-108230
-108889
-109550
-110213
-110878
-111545
-112214
-112885
-113558
-114233
-114910
-115589
-116270
-116953
-117638
-118325
-119014
-119705
-120398
-121093
-121790
-122489
-123190
-123893
-124598
-125305
-126014
-126725
-127438
-128153
-128870
-129589
-130310
-131033
-131758
-132485
-133214
-133945
-134678
-135413
-136150
-136889
-137630
-138373
-139118
-140614
-141365
-142118
-142873
-143630
-144389
-145150
-145913
-146678
-147445
-148214
-148985
-149758
-150533
-151310
-152089
-152870
-153653
-154438
-155225
-156014
-156805
-157598
-158393
-159190
-159989
-160790
-161593
-162398
-163205
-164014
-164825
-165638
-166453
-167270
-168089
-168910
-169733
-170558
-171385
-172214
-173045
-173878
-174713
-175550
-176389
-177230
-178073
-178918
-179765
-180614
-182318
-183173
-184030
-184889
-185750
-186613
-187478
-188345
-189214
-190085
-190958
-191833
-192710
-193589
-194470
-195353
-197125
-198014
-198905
-199798
-200693
-201590
-202489
-203390
-204293
-205198
-207014
-207925
-208838
-209753
-210670
-211589
-212510
-213433
-214358
-215285
-216214
-217145
-218078
-219013
-219950
-220889
-221830
-222773
-223718
-224665
-225614
-226565
-228473
-229430
-230389
-231350
-232313
-233278
-234245
-235214
-236185
-237158
-238133
-239110
-240089
-241070
-242053
-243038
-244025
-245014
-246005
-247993
-248990
-249989
-250990
-251993
-252998
-254005
-255014
-256025
-257038
-258053
-259070
-260089
-261110
-262133
-263158
-264185
-265214
-266245
-267278
-268313
-269350
-270389
-271430
-272473
-273518
-274565
-276665
-277718
-278773
-279830
-280889
-281950
-283013
-284078
-285145
-286214
-287285
-288358
-289433
-290510
-291589
-292670
-293753
-294838
-297014
-298105
-299198
-300293
-301390
-302489
-303590
-304693
-305798
-306905
-308014
-309125
-310238
-311353
-313589
-314710
-315833
-316958
-318085
-319214
-320345
-321478
-322613
-323750
-324889
-326030
-327173
-328318
-329465
-330614
-331765
-332918
-334073
-335230
-336389
-337550
-338713
-339878
-341045
-342214
-343385
-344558
-345733
-346910
-348089
-349270
-350453
-351638
-352825
-354014
-355205
-356398
-357593
-358790
-359989
-361190
-362393
-363598
-364805
-366014
-367225
-368438
-369653
-370870
-372089
-373310
-374533
-375758
-378214
-379445
-380678
-381913
-383150
-384389
-385630
-386873
-388118
-389365
-390614
-391865
-393118
-394373
-395630
-396889
-398150
-399413
-400678
-401945
-403214
-404485
-405758
-407033
-408310
-409589
-410870
-412153
-413438
-414725
-416014
-417305
-418598
-419893
-421190
-422489
-423790
-425093
-426398
-427705
-429014
-430325
-431638
-432953
-435589
-436910
-438233
-439558
-440885
-442214
-443545
-444878
-446213
-447550
-448889
-450230
-451573
-452918
-454265
-455614
-456965
-458318
-459673
-461030
-462389
-463750
-465113
-469214
-470585
-471958
-473333
-474710
-476089
-477470
-478853
-480238
-481625
-483014
-484405
-485798
-487193
-488590
-489989
-491390
-492793
-494198
-495605
-497014
-498425
-499838
-501253
-502670
-504089
-505510
-506933
-508358
-509785
-511214
-512645
-514078
-515513
-516950
-518389
-519830
-521273
-522718
-524165
-525614
-527065
-528518
-529973
-531430
-532889
-534350
-535813
-537278
-538745
-540214
-541685
-543158
-544633
-546110
-547589
-549070
-550553
-553525
-555014
-556505
-557998
-559493
-560990
-562489
-563990
-565493
-566998
-568505
-570014
-571525
-573038
-574553
-576070
-577589
-579110
-580633
-582158
-583685
-585214
-586745
-588278
-589813
-591350
-594430
-595973
-597518
-599065
-600614
-602165
-603718
-605273
-606830
-608389
-609950
-611513
-613078
-614645
-616214
-617785
-619358
-620933
-622510
-624089
-625670
-627253
-628838
-630425
-632014
-633605
-635198
-636793
-638390
-639989
-641590
-643193
-644798
-646405
-648014
-649625
-651238
-652853
-654470
-656089
-657710
-659333
-660958
-662585
-664214
-665845
-667478
-669113
-670750
-672389
-674030
-675673
-677318
-678965
-680614
-682265
-683918
-685573
-687230
-688889
-690550
-692213
-693878
-695545
-697214
-698885
-700558
-702233
-703910
-705589
-707270
-708953
-710638
-712325
-714014
-715705
-717398
-719093
-720790
-722489
-724190
-725893
-727598
-729305
-731014
-732725
-734438
-736153
-737870
-739589
-741310
-743033
-744758
-746485
-748214
-749945
-751678
-753413
-755150
-756889
-758630
-760373
-762118
-763865
-765614
-767365
-769118
-770873
-772630
-774389
-776150
-777913
-779678
-781445
-783214
-784985
-786758
-788533
-790310
-792089
-793870
-795653
-797438
-799225
-801014
-802805
-804598
-806393
-808190
-809989
-811790
-813593
-815398
-817205
-819014
-820825
-822638
-824453
-826270
-828089
-829910
-831733
-833558
-835385
-837214
-839045
-840878
-842713
-844550
-846389
-848230
-850073
-851918
-853765
-855614
-857465
-859318
-861173
-863030
-864889
-866750
-868613
-870478
-872345
-874214
-876085
-877958
-879833
-881710
-883589
-885470
-887353
-889238
-891125
-893014
-894905
-896798
-898693
-900590
-902489
-904390
-906293
-908198
-910105
-912014
-913925
-915838
-917753
-919670
-921589
-923510
-925433
-927358
-929285
-931214
-933145
-935078
-937013
-940889
-942830
-944773
-946718
-948665
-950614
-952565
-954518
-956473
-958430
-960389
-962350
-964313
-966278
-968245
-970214
-972185
-974158
-976133
-978110
-980089
-982070
-984053
-988025
-990014
-992005
-993998
-995993
-997990
-999989
-1001990
-1003993
-1005998
-1008005
-1010014
-1012025
-1014038
-1016053
-1018070
-1020089
-1022110
-1024133
-1026158
-1028185
-1030214
-1032245
-1034278
-1036313
-1038350
-1040389
-1042430
-1044473
-1046518
-1048565
-1050614
-1052665
-1054718
-1056773
-1058830
-1060889
-1062950
-1067078
-1069145
-1071214
-1073285
-1075358
-1077433
-1079510
-1081589
-1083670
-1085753
-1087838
-1089925
-1092014
-1096198
-1098293
-1100390
-1102489
-1104590
-1106693
-1108798
-1110905
-1113014
-1115125
-1117238
-1119353
-1121470
-1123589
-1125710
-1127833
-1129958
-1134214
-1136345
-1138478
-1140613
-1142750
-1144889
-1147030
-1149173
-1151318
-1153465
-1155614
-1157765
-1159918
-1162073
-1164230
-1166389
-1168550
-1170713
-1172878
-1175045
-1177214
-1179385
-1181558
-1183733
-1185910
-1188089
-1190270
-1192453
-1194638
-1196825
-1199014
-1201205
-1203398
-1205593
-1207790
-1209989
-1212190
-1214393
-1216598
-1218805
-1221014
-1223225
-1225438
-1227653
-1229870
-1232089
-1234310
-1236533
-1238758
-1240985
-1243214
-1245445
-1247678
-1249913
-1252150
-1254389
-1256630
-1258873
-1261118
-1263365
-1265614
-1267865
-1270118
-1272373
-1274630
-1276889
-1279150
-1281413
-1283678
-1285945
-1288214
-1290485
-1292758
-1295033
-1297310
-1299589
-1301870
-1304153
-1306438
-1308725
-1311014
-1313305
-1315598
-1317893
-1320190
-1322489
-1324790
-1327093
-1329398
-1331705
-1334014
-1336325
-1338638
-1340953
-1343270
-1345589
-1347910
-1350233
-1352558
-1354885
-1357214
-1359545
-1361878
-1364213
-1366550
-1368889
-1371230
-1373573
-1375918
-1378265
-1380614
-1382965
-1385318
-1387673
-1390030
-1392389
-1394750
-1397113
-1399478
-1401845
-1404214
-1406585
-1408958
-1411333
-1413710
-1416089
-1418470
-1420853
-1423238
-1425625
-1428014
-1430405
-1432798
-1435193
-1437590
-1439989
-1442390
-1444793
-1447198
-1449605
-1452014
-1454425
-1456838
-1459253
-1461670
-1464089
-1466510
-1468933
-1471358
-1473785
-1476214
-1478645
-1481078
-1483513
-1485950
-1488389
-1490830
-1493273
-1495718
-1498165
-1500614
-1503065
-1505518
-1507973
-1510430
-1512889
-1515350
-1517813
-1520278
-1522745
-1525214
-1530158
-1532633
-1535110
-1537589
-1540070
-1542553
-1545038
-1547525
-1550014
-1552505
-1554998
-1557493
-1559990
-1562489
-1564990
-1567493
-1569998
-1572505
-1575014
-1577525
-1580038
-1582553
-1585070
-1587589
-1590110
-1592633
-1595158
-1597685
-1600214
-1602745
-1605278
-1607813
-1610350
-1612889
-1615430
-1617973
-1620518
-1623065
-1625614
-1628165
-1630718
-1633273
-1635830
-1638389
-1640950
-1643513
-1646078
-1648645
-1651214
-1653785
-1658933
-1661510
-1664089
-1666670
-1669253
-1671838
-1674425
-1677014
-1682198
-1684793
-1687390
-1689989
-1692590
-1695193
-1697798
-1700405
-1703014
-1705625
-1708238
-1710853
-1713470
-1716089
-1718710
-1721333
-1723958
-1726585
-1729214
-1731845
-1734478
-1737113
-1739750
-1742389
-1745030
-1747673
-1750318
-1752965
-1755614
-1758265
-1760918
-1763573
-1766230
-1768889
-1771550
-1774213
-1776878
-1779545
-1782214
-1784885
-1787558
-1790233
-1792910
-1795589
-1798270
-1800953
-1803638
-1806325
-1809014
-1811705
-1814398
-1817093
-1819790
-1822489
-1825190
-1827893
-1830598
-1833305
-1836014
-1838725
-1841438
-1844153
-1846870
-1849589
-1852310
-1855033
-1857758
-1860485
-1863214
-1865945
-1868678
-1871413
-1874150
-1876889
-1879630
-1882373
-1885118
-1887865
-1890614
-1893365
-1896118
-1898873
-1901630
-1904389
-1907150
-1912678
-1915445
-1918214
-1920985
-1923758
-1926533
-1929310
-1932089
-1934870
-1937653
-1940438
-1946014
-1948805
-1951598
-1954393
-1957190
-1959989
-1962790
-1965593
-1968398
-1971205
-1974014
-1976825
-1979638
-1982453
-1985270
-1988089
-1990910
-1993733
-1996558
-1999385
-2002214
-2005045
-2007878
-2010713
-2013550
-2016389
-2019230
-2022073
-2024918
-2027765
-2030614
-2033465
-2036318
-2039173
-2042030
-2044889
-2047750
-2050613
-2053478
-2059214
-2062085
-2064958
-2067833
-2070710
-2073589
-2076470
-2079353
-2082238
-2085125
-2088014
-2090905
-2093798
-2096693
-2099590
-2102489
-2105390
-2108293
-2111198
-2114105
-2117014
-2119925
-2122838
-2125753
-2128670
-2131589
-2134510
-2137433
-2140358
-2143285
-2146214
-2149145
-2152078
-2155013
-2157950
-2160889
-2163830
-2166773
-2169718
-2172665
-2175614
-2178565
-2181518
-2184473
-2187430
-2190389
-2193350
-2196313
-2199278
-2202245
-2205214
-2208185
-2211158
-2214133
-2217110
-2220089
-2223070
-2226053
-2229038
-2232025
-2235014
-2238005
-2240998
-2243993
-2246990
-2249989
-2252990
-2255993
-2258998
-2262005
-2265014
-2268025
-2271038
-2274053
-2277070
-2280089
-2283110
-2286133
-2289158
-2292185
-2295214
-2298245
-2301278
-2304313
-2307350
-2310389
-2313430
-2316473
-2319518
-2322565
-2325614
-2328665
-2331718
-2334773
-2337830
-2340889
-2343950
-2347013
-2350078
-2353145
-2356214
-2359285
-2362358
-2365433
-2368510
-2371589
-2374670
-2377753
-2380838
-2383925
-2387014
-2390105
-2393198
-2396293
-2399390
-2405590
-2408693
-2411798
-2414905
-2418014
-2421125
-2424238
-2427353
-2430470
-2433589
-2436710
-2439833
-2442958
-2446085
-2449214
-2452345
-2455478
-2458613
-2461750
-2464889
-2468030
-2471173
-2474318
-2477465
-2480614
-2483765
-2486918
-2490073
-2493230
-2496389
-2499550
-2502713
-2505878
-2509045
-2512214
-2515385
-2518558
-2521733
-2524910
-2528089
-2531270
-2537638
-2540825
-2544014
-2547205
-2550398
-2553593
-2556790
-2559989
-2563190
-2566393
-2569598
-2572805
-2576014
-2579225
-2582438
-2585653
-2588870
-2592089
-2595310
-2598533
-2601758
-2604985
-2608214
-2611445
-2614678
-2617913
-2624389
-2627630
-2630873
-2634118
-2637365
-2640614
-2643865
-2647118
-2650373
-2653630
-2656889
-2660150
-2663413
-2666678
-2669945
-2673214
-2676485
-2679758
-2683033
-2686310
-2692870
-2696153
-2699438
-2702725
-2706014
-2709305
-2712598
-2715893
-2719190
-2722489
-2725790
-2729093
-2732398
-2735705
-2739014
-2742325
-2745638
-2748953
-2752270
-2755589
-2758910
-2762233
-2765558
-2768885
-2772214
-2775545
-2778878
-2782213
-2785550
-2788889
-2792230
-2795573
-2798918
-2802265
-2805614
-2808965
-2812318
-2815673
-2819030
-2822389
-2825750
-2829113
-2832478
-2835845
-2839214
-2842585
-2845958
-2849333
-2852710
-2856089
-2859470
-2862853
-2866238
-2869625
-2873014
-2876405
-2879798
-2883193
-2886590
-2889989
-2893390
-2896793
-2900198
-2903605
-2907014
-2913838
-2917253
-2920670
-2924089
-2930933
-2934358
-2937785
-2941214
-2944645
-2948078
-2951513
-2954950
-2958389
-2961830
-2965273
-2968718
-2972165
-2975614
-2979065
-2982518
-2985973
-2989430
-2992889
-2996350
-2999813
-3003278
-3006745
-3010214
-3013685
-3017158
-3020633
-3024110
-3027589
-3031070
-3034553
-3038038
-3041525
-3048505
-3051998
-3055493
-3058990
-3062489
-3065990
-3069493
-3072998
-3076505
-3080014
-3083525
-3087038
-3090553
-3094070
-3097589
-3101110
-3104633
-3108158
-3111685
-3115214
-3118745
-3122278
-3125813
-3129350
-3132889
-3136430
-3139973
-3143518
-3147065
-3150614
-3154165
-3157718
-3161273
-3164830
-3168389
-3171950
-3175513
-3179078
-3182645
-3186214
-3189785
-3193358
-3196933
-3200510
-3204089
-3207670
-3211253
-3214838
-3218425
-3222014
-3225605
-3229198
-3232793
-3236390
-3239989
-3243590
-3247193
-3250798
-3254405
-3258014
-3261625
-3265238
-3268853
-3272470
-3276089
-3279710
-3283333
-3286958
-3290585
-3294214
-3297845
-3301478
-3305113
-3308750
-3312389
-3316030
-3319673
-3323318
-3326965
-3330614
-3334265
-3337918
-3341573
-3345230
-3348889
-3352550
-3356213
-3359878
-3363545
-3367214
-3370885
-3374558
-3378233
-3381910
-3385589
-3389270
-3392953
-3396638
-3400325
-3404014
-3407705
-3411398
-3415093
-3418790
-3422489
-3426190
-3429893
-3433598
-3437305
-3441014
-3444725
-3448438
-3452153
-3455870
-3459589
-3463310
-3467033
-3470758
-3474485
-3478214
-3481945
-3485678
-3489413
-3493150
-3496889
-3500630
-3504373
-3508118
-3511865
-3515614
-3519365
-3523118
-3526873
-3530630
-3534389
-3538150
-3541913
-3545678
-3549445
-3553214
-3556985
-3560758
-3564533
-3568310
-3572089
-3575870
-3579653
-3583438
-3587225
-3591014
-3594805
-3598598
-3602393
-3606190
-3609989
-3613790
-3617593
-3621398
-3629014
-3632825
-3636638
-3640453
-3644270
-3648089
-3651910
-3655733
-3659558
-3663385
-3667214
-3671045
-3674878
-3678713
-3682550
-3686389
-3690230
-3694073
-3697918
-3701765
-3705614
-3709465
-3713318
-3717173
-3721030
-3724889
-3728750
-3732613
-3736478
-3740345
-3744214
-3748085
-3751958
-3755833
-3759710
-3763589
-3767470
-3771353
-3775238
-3779125
-3783014
-3786905
-3790798
-3794693
-3798590
-3802489
-3806390
-3810293
-3814198
-3818105
-3822014
-3825925
-3829838
-3833753
-3837670
-3841589
-3845510
-3849433
-3853358
-3857285
-3861214
-3865145
-3869078
-3873013
-3876950
-3880889
-3884830
-3888773
-3892718
-3896665
-3900614
-3904565
-3908518
-3912473
-3916430
-3920389
-3924350
-3928313
-3932278
-3936245
-3940214
-3944185
-3948158
-3952133
-3956110
-3960089
-3964070
-3968053
-3972038
-3976025
-3980014
-3984005
-3987998
-3991993
-3995990
-3999989
-4003990
-4007993
-4011998
-4016005
-4020014
-4024025
-4028038
-4036070
-4040089
-4044110
-4048133
-4052158
-4056185
-4060214
-4064245
-4068278
-4072313
-4076350
-4080389
-4084430
-4088473
-4092518
-4096565
-4100614
-4104665
-4108718
-4112773
-4116830
-4120889
-4124950
-4129013
-4133078
-4137145
-4141214
-4145285
-4149358
-4153433
-4157510
-4161589
-4165670
-4169753
-4173838
-4177925
-4182014
-4186105
-4190198
-4194293
-4198390
-4202489
-4206590
-4210693
-4214798
-4218905
-4223014
-4227125
-4231238
-4235353
-4239470
-4243589
-4247710
-4251833
-4255958
-4260085
-4264214
-4268345
-4272478
-4276613
-4280750
-4284889
-4289030
-4293173
-4297318
-4301465
-4305614
-4309765
-4313918
-4318073
-4322230
-4326389
-4330550
-4334713
-4338878
-4343045
-4347214
-4351385
-4355558
-4359733
-4363910
-4368089
-4372270
-4376453
-4380638
-4384825
-4389014
-4393205
-4397398
-4401593
-4405790
-4409989
-4414190
-4418393
-4422598
-4426805
-4431014
-4435225
-4439438
-4443653
-4447870
-4452089
-4456310
-4460533
-4464758
-4468985
-4477445
-4481678
-4485913
-4490150
-4494389
-4498630
-4502873
-4507118
-4511365
-4515614
-4519865
-4524118
-4528373
-4532630
-4536889
-4541150
-4545413
-4549678
-4553945
-4558214
-4562485
-4566758
-4571033
-4575310
-4579589
-4583870
-4588153
-4592438
-4596725
-4601014
-4609598
-4613893
-4618190
-4622489
-4626790
-4631093
-4635398
-4639705
-4644014
-4648325
-4652638
-4656953
-4661270
-4665589
-4669910
-4674233
-4678558
-4682885
-4687214
-4691545
-4695878
-4700213
-4704550
-4708889
-4713230
-4717573
-4721918
-4726265
-4730614
-4734965
-4739318
-4743673
-4748030
-4752389
-4756750
-4761113
-4765478
-4769845
-4774214
-4778585
-4782958
-4787333
-4791710
-4796089
-4800470
-4804853
-4809238
-4813625
-4818014
-4822405
-4826798
-4831193
-4835590
-4839989
-4844390
-4848793
-4853198
-4857605
-4862014
-4866425
-4870838
-4875253
-4879670
-4884089
-4888510
-4892933
-4897358
-4901785
-4906214
-4915078
-4919513
-4923950
-4928389
-4932830
-4937273
-4941718
-4946165
-4950614
-4955065
-4959518
-4963973
-4968430
-4972889
-4977350
-4981813
-4986278
-4990745
-4995214
-4999685
-5004158
-5008633
-5013110
-5017589
-5022070
-5026553
-5031038
-5035525
-5040014
-5044505
-5048998
-5053493
-5057990
-5062489
-5066990
-5071493
-5075998
-5080505
-5085014
-5089525
-5094038
-5098553
-5103070
-5107589
-5112110
-5116633
-5121158
-5125685
-5130214
-5134745
-5139278
-5143813
-5148350
-5152889
-5157430
-5161973
-5166518
-5171065
-5175614
-5180165
-5184718
-5189273
-5193830
-5198389
-5202950
-5207513
-5212078
-5216645
-5221214
-5225785
-5230358
-5234933
-5239510
-5244089
-5248670
-5253253
-5257838
-5262425
-5267014
-5271605
-5276198
-5280793
-5285390
-5289989
-5294590
-5299193
-5303798
-5308405
-5313014
-5317625
-5322238
-5326853
-5331470
-5336089
-5340710
-5345333
-5354585
-5359214
-5363845
-5368478
-5373113
-5377750
-5382389
-5387030
-5391673
-5396318
-5400965
-5405614
-5410265
-5414918
-5419573
-5424230
-5428889
-5438213
-5442878
-5447545
-5452214
-5456885
-5461558
-5466233
-5470910
-5475589
-5480270
-5484953
-5489638
-5494325
-5499014
-5503705
-5508398
-5513093
-5517790
-5522489
-5527190
-5531893
-5536598
-5541305
-5546014
-5550725
-5555438
-5560153
-5564870
-5569589
-5574310
-5579033
-5583758
-5588485
-5593214
-5597945
-5602678
-5607413
-5612150
-5616889
-5621630
-5626373
-5631118
-5635865
-5640614
-5645365
-5650118
-5654873
-5659630
-5664389
-5669150
-5673913
-5678678
-5683445
-5688214
-5692985
-5697758
-5702533
-5707310
-5712089
-5716870
-5721653
-5726438
-5731225
-5736014
-5740805
-5750393
-5755190
-5759989
-5764790
-5769593
-5774398
-5779205
-5784014
-5788825
-5793638
-5798453
-5803270
-5808089
-5812910
-5817733
-5822558
-5827385
-5832214
-5837045
-5841878
-5846713
-5851550
-5856389
-5861230
-5866073
-5870918
-5875765
-5880614
-5885465
-5890318
-5895173
-5900030
-5904889
-5909750
-5914613
-5919478
-5924345
-5929214
-5934085
-5938958
-5943833
-5948710
-5953589
-5958470
-5963353
-5968238
-5973125
-5978014
-5982905
-5987798
-5992693
-5997590
-6007390
-6012293
-6017198
-6022105
-6027014
-6031925
-6036838
-6041753
-6046670
-6051589
-6056510
-6061433
-6066358
-6071285
-6076214
-6081145
-6086078
-6091013
-6095950
-6100889
-6105830
-6110773
-6115718
-6120665
-6125614
-6130565
-6135518
-6140473
-6145430
-6150389
-6155350
-6160313
-6165278
-6170245
-6175214
-6180185
-6185158
-6190133
-6195110
-6200089
-6205070
-6210053
-6215038
-6220025
-6225014
-6230005
-6234998
-6239993
-6244990
-6249989
-6254990
-6259993
-6264998
-6270005
-6275014
-6280025
-6285038
-6290053
-6295070
-6300089
-6305110
-6310133
-6315158
-6320185
-6325214
-6330245
-6335278
-6340313
-6345350
-6350389
-6355430
-6360473
-6365518
-6370565
-6375614
-6380665
-6385718
-6390773
-6395830
-6400889
-6405950
-6411013
-6416078
-6421145
-6426214
-6431285
-6436358
-6441433
-6446510
-6451589
-6456670
-6461753
-6466838
-6471925
-6477014
-6482105
-6487198
-6492293
-6497390
-6502489
-6507590
-6512693
-6517798
-6522905
-6528014
-6533125
-6538238
-6543353
-6548470
-6553589
-6558710
-6563833
-6568958
-6574085
-6579214
-6584345
-6589478
-6594613
-6599750
-6604889
-6610030
-6615173
-6620318
-6625465
-6630614
-6635765
-6640918
-6646073
-6651230
-6656389
-6661550
-6666713
-6671878
-6677045
-6682214
-6687385
-6692558
-6697733
-6702910
-6708089
-6713270
-6718453
-6723638
-6728825
-6734014
-6739205
-6744398
-6749593
-6754790
-6759989
-6765190
-6770393
-6775598
-6780805
-6786014
-6791225
-6796438
-6801653
-6806870
-6812089
-6817310
-6822533
-6827758
-6832985
-6838214
-6843445
-6848678
-6853913
-6859150
-6864389
-6869630
-6874873
-6880118
-6885365
-6890614
-6901118
-6906373
-6911630
-6916889
-6922150
-6927413
-6932678
-6937945
-6943214
-6948485
-6953758
-6959033
-6964310
-6969589
-6974870
-6985438
-6990725
-6996014
-7001305
-7006598
-7011893
-7017190
-7022489
-7027790
-7033093
-7038398
-7043705
-7049014
-7054325
-7059638
-7064953
-7070270
-7075589
-7080910
-7086233
-7091558
-7096885
-7102214
-7107545
-7112878
-7118213
-7123550
-7128889
-7134230
-7139573
-7144918
-7150265
-7155614
-7160965
-7166318
-7171673
-7177030
-7182389
-7187750
-7193113
-7198478
-7203845
-7209214
-7214585
-7219958
-7225333
-7230710
-7236089
-7241470
-7246853
-7252238
-7257625
-7263014
-7268405
-7273798
-7279193
-7289989
-7295390
-7300793
-7306198
-7311605
-7317014
-7322425
-7327838
-7333253
-7338670
-7344089
-7349510
-7354933
-7360358
-7365785
-7371214
-7382078
-7387513
-7392950
-7398389
-7403830
-7409273
-7414718
-7420165
-7425614
-7431065
-7436518
-7441973
-7447430
-7452889
-7458350
-7463813
-7469278
-7474745
-7480214
-7485685
-7491158
-7496633
-7502110
-7507589
-7513070
-7518553
-7529525
-7535014
-7540505
-7545998
-7551493
-7556990
-7562489
-7567990
-7573493
-7578998
-7584505
-7590014
-7595525
-7601038
-7606553
-7612070
-7617589
-7623110
-7628633
-7634158
-7639685
-7645214
-7650745
-7656278
-7661813
-7667350
-7672889
-7678430
-7683973
-7689518
-7695065
-7700614
-7706165
-7711718
-7717273
-7722830
-7728389
-7733950
-7739513
-7745078
-7750645
-7756214
-7761785
-7767358
-7772933
-7778510
-7784089
-7789670
-7795253
-7800838
-7806425
-7812014
-7817605
-7823198
-7828793
-7834390
-7839989
-7845590
-7851193
-7856798
-7862405
-7868014
-7873625
-7879238
-7884853
-7890470
-7901710
-7907333
-7912958
-7918585
-7924214
-7929845
-7935478
-7941113
-7952389
-7958030
-7963673
-7969318
-7974965
-7980614
-7986265
-7991918
-7997573
-8003230
-8008889
-8014550
-8020213
-8025878
-8031545
-8037214
-8042885
-8048558
-8054233
-8059910
-8065589
-8071270
-8076953
-8082638
-8088325
-8094014
-8099705
-8105398
-8111093
-8116790
-8122489
-8128190
-8133893
-8139598
-8145305
-8151014
-8156725
-8162438
-8168153
-8173870
-8179589
-8185310
-8191033
-8196758
-8202485
-8208214
-8213945
-8225413
-8231150
-8236889
-8242630
-8248373
-8254118
-8259865
-8265614
-8271365
-8277118
-8282873
-8288630
-8294389
-8300150
-8305913
-8311678
-8317445
-8323214
-8328985
-8334758
-8340533
-8346310
-8352089
-8357870
-8363653
-8369438
-8375225
-8381014
-8386805
-8392598
-8398393
-8404190
-8409989
-8415790
-8421593
-8427398
-8433205
-8439014
-8444825
-8450638
-8456453
-8462270
-8468089
-8473910
-8479733
-8485558
-8491385
-8497214
-8503045
-8508878
-8514713
-8520550
-8532230
-8538073
-8543918
-8549765
-8555614
-8561465
-8567318
-8573173
-8579030
-8584889
-8590750
-8596613
-8602478
-8608345
-8614214
-8620085
-8625958
-8631833
-8637710
-8643589
-8649470
-8655353
-8661238
-8667125
-8673014
-8678905
-8684798
-8690693
-8696590
-8702489
-8708390
-8714293
-8720198
-8726105
-8732014
-8737925
-8743838
-8749753
-8755670
-8761589
-8767510
-8773433
-8779358
-8785285
-8791214
-8797145
-8803078
-8809013
-8814950
-8820889
-8826830
-8832773
-8838718
-8844665
-8850614
-8856565
-8862518
-8868473
-8874430
-8880389
-8886350
-8892313
-8898278
-8904245
-8910214
-8916185
-8922158
-8928133
-8934110
-8940089
-8946070
-8952053
-8958038
-8964025
-8970014
-8976005
-8981998
-8987993
-8993990
-8999989
-9005990
-9011993
-9017998
-9024005
-9030014
-9036025
-9042038
-9048053
-9054070
-9060089
-9066110
-9072133
-9078158
-9084185
-9090214
-9096245
-9102278
-9108313
-9120389
-9126430
-9132473
-9138518
-9144565
-9150614
-9156665
-9162718
-9168773
-9174830
-9180889
-9186950
-9193013
-9199078
-9205145
-9211214
-9217285
-9223358
-9229433
-9235510
-9241589
-9247670
-9253753
-9259838
-9265925
-9272014
-9278105
-9284198
-9290293
-9296390
-9302489
-9308590
-9314693
-9320798
-9326905
-9333014
-9339125
-9345238
-9351353
-9357470
-9363589
-9369710
-9375833
-9381958
-9388085
-9394214
-9400345
-9406478
-9412613
-9418750
-9424889
-9431030
-9437173
-9443318
-9449465
-9455614
-9461765
-9467918
-9474073
-9480230
-9486389
-9492550
-9498713
-9504878
-9511045
-9517214
-9523385
-9529558
-9535733
-9541910
-9548089
-9554270
-9560453
-9566638
-9572825
-9579014
-9585205
-9591398
-9597593
-9603790
-9609989
-9616190
-9622393
-9628598
-9634805
-9641014
-9647225
-9653438
-9659653
-9665870
-9672089
-9678310
-9684533
-9690758
-9696985
-9703214
-9709445
-9715678
-9721913
-9728150
-9734389
-9740630
-9746873
-9753118
-9759365
-9765614
-9771865
-9778118
-9784373
-9790630
-9796889
-9803150
-9809413
-9815678
-9821945
-9828214
-9834485
-9840758
-9847033
-9853310
-9859589
-9865870
-9872153
-9878438
-9884725
-9891014
-9897305
-9903598
-9909893
-9916190
-9922489
-9928790
-9935093
-9941398
-9947705
-9954014
-9960325
-9966638
-9972953
-9979270
-9985589
-9991910
-9998233
-10004558
-10010885
-10017214
-10023545
-10029878
-10036213
-10042550
-10048889
-10055230
-10061573
-10067918
-10074265
-10080614
-10086965
-10093318
-10099673
-10106030
-10112389
-10118750
-10125113
-10131478
-10137845
-10144214
-10150585
-10156958
-10163333
-10169710
-10176089
-10182470
-10188853
-10195238
-10201625
-10208014
-10214405
-10220798
-10227193
-10233590
-10239989
-10246390
-10252793
-10259198
-10265605
-10278425
-10284838
-10291253
-10297670
-10304089
-10310510
-10316933
-10323358
-10329785
-10336214
-10342645
-10349078
-10355513
-10361950
-10368389
-10374830
-10381273
-10387718
-10394165
-10400614
-10407065
-10413518
-10419973
-10426430
-10432889
-10439350
-10445813
-10452278
-10458745
-10465214
-10471685
-10478158
-10484633
-10497589
-10504070
-10510553
-10517038
-10523525
-10530014
-10536505
-10542998
-10549493
-10555990
-10562489
-10568990
-10575493
-10581998
-10588505
-10595014
-10601525
-10608038
-10614553
-10621070
-10627589
-10634110
-10640633
-10647158
-10653685
-10660214
-10666745
-10673278
-10679813
-10686350
-10692889
-10699430
-10705973
-10712518
-10719065
-10725614
-10732165
-10738718
-10745273
-10751830
-10758389
-10764950
-10771513
-10778078
-10784645
-10791214
-10797785
-10804358
-10810933
-10817510
-10824089
-10830670
-10837253
-10843838
-10850425
-10857014
-10863605
-10870198
-10876793
-10889989
-10896590
-10903193
-10909798
-10916405
-10923014
-10929625
-10936238
-10942853
-10949470
-10956089
-10962710
-10969333
-10975958
-10982585
-10989214
-10995845
-11002478
-11009113
-11015750
-11022389
-11029030
-11035673
-11042318
-11048965
-11055614
-11062265
-11068918
-11075573
-11082230
-11088889
-11095550
-11102213
-11108878
-11115545
-11122214
-11128885
-11135558
-11142233
-11155589
-11162270
-11168953
-11175638
-11182325
-11189014
-11195705
-11202398
-11209093
-11215790
-11222489
-11229190
-11235893
-11242598
-11249305
-11256014
-11262725
-11269438
-11276153
-11282870
-11289589
-11296310
-11303033
-11309758
-11316485
-11323214
-11329945
-11336678
-11350150
-11356889
-11363630
-11370373
-11377118
-11383865
-11390614
-11397365
-11404118
-11410873
-11417630
-11424389
-11431150
-11437913
-11444678
-11451445
-11458214
-11464985
-11471758
-11478533
-11485310
-11492089
-11498870
-11505653
-11512438
-11519225
-11526014
-11532805
-11539598
-11546393
-11553190
-11566790
-11573593
-11580398
-11587205
-11594014
-11600825
-11607638
-11614453
-11621270
-11628089
-11634910
-11641733
-11648558
-11655385
-11662214
-11675878
-11682713
-11689550
-11696389
-11703230
-11710073
-11716918
-11723765
-11737465
-11744318
-11751173
-11758030
-11764889
-11771750
-11778613
-11785478
-11792345
-11799214
-11806085
-11812958
-11819833
-11826710
-11833589
-11840470
-11847353
-11854238
-11861125
-11868014
-11874905
-11881798
-11888693
-11895590
-11902489
-11909390
-11916293
-11923198
-11930105
-11937014
-11943925
-11950838
-11957753
-11964670
-11971589
-11978510
-11985433
-11992358
-11999285
-12006214
-12013145
-12020078
-12027013
-12033950
-12040889
-12047830
-12054773
-12061718
-12068665
-12075614
-12082565
-12089518
-12096473
-12103430
-12110389
-12117350
-12124313
-12131278
-12138245
-12145214
-12152185
-12159158
-12166133
-12173110
-12180089
-12187070
-12194053
-12201038
-12208025
-12215014
-12222005
-12228998
-12235993
-12242990
-12249989
-12256990
-12263993
-12270998
-12278005
-12285014
-12292025
-12299038
-12306053
-12313070
-12327110
-12334133
-12341158
-12348185
-12355214
-12362245
-12369278
-12376313
-12383350
-12390389
-12397430
-12404473
-12411518
-12418565
-12425614
-12432665
-12439718
-12446773
-12453830
-12460889
-12467950
-12475013
-12482078
-12489145
-12496214
-12503285
-12510358
-12517433
-12524510
-12531589
-12538670
-12545753
-12552838
-12559925
-12567014
-12574105
-12581198
-12588293
-12595390
-12602489
-12609590
-12616693
-12623798
-12630905
-12638014
-12645125
-12652238
-12659353
-12666470
-12673589
-12680710
-12687833
-12694958
-12702085
-12709214
-12716345
-12723478
-12730613
-12737750
-12752030
-12759173
-12766318
-12773465
-12780614
-12787765
-12794918
-12802073
-12809230
-12823550
-12830713
-12837878
-12845045
-12852214
-12859385
-12866558
-12873733
-12880910
-12888089
-12895270
-12902453
-12909638
-12916825
-12924014
-12931205
-12938398
-12945593
-12952790
-12959989
-12967190
-12974393
-12981598
-12988805
-12996014
-13003225
-13010438
-13017653
-13024870
-13032089
-13039310
-13046533
-13053758
-13060985
-13068214
-13075445
-13082678
-13089913
-13097150
-13104389
-13111630
-13118873
-13126118
-13133365
-13140614
-13147865
-13155118
-13162373
-13169630
-13176889
-13184150
-13191413
-13198678
-13205945
-13213214
-13220485
-13227758
-13235033
-13242310
-13249589
-13256870
-13264153
-13271438
-13278725
-13286014
-13293305
-13300598
-13307893
-13315190
-13322489
-13329790
-13337093
-13344398
-13351705
-13359014
-13366325
-13373638
-13380953
-13388270
-13395589
-13402910
-13410233
-13417558
-13424885
-13432214
-13439545
-13454213
-13461550
-13468889
-13476230
-13483573
-13490918
-13498265
-13505614
-13512965
-13520318
-13527673
-13535030
-13542389
-13549750
-13557113
-13564478
-13571845
-13579214
-13586585
-13593958
-13601333
-13608710
-13616089
-13623470
-13630853
-13638238
-13645625
-13653014
-13660405
-13667798
-13675193
-13682590
-13689989
-13697390
-13704793
-13712198
-13719605
-13727014
-13734425
-13741838
-13749253
-13756670
-13764089
-13771510
-13778933
-13786358
-13793785
-13801214
-13808645
-13816078
-13823513
-13830950
-13838389
-13845830
-13853273
-13860718
-13868165
-13875614
-13883065
-13890518
-13897973
-13905430
-13912889
-13920350
-13927813
-13935278
-13942745
-13950214
-13957685
-13965158
-13972633
-13980110
-13987589
-13995070
-14002553
-14010038
-14017525
-14025014
-14032505
-14047493
-14054990
-14062489
-14069990
-14077493
-14084998
-14092505
-14100014
-14107525
-14115038
-14122553
-14130070
-14137589
-14145110
-14152633
-14167685
-14175214
-14182745
-14190278
-14197813
-14205350
-14212889
-14220430
-14227973
-14235518
-14243065
-14250614
-14258165
-14265718
-14273273
-14280830
-14288389
-14295950
-14303513
-14311078
-14318645
-14326214
-14333785
-14341358
-14348933
-14356510
-14364089
-14371670
-14379253
-14386838
-14394425
-14402014
-14409605
-14417198
-14424793
-14439989
-14447590
-14455193
-14462798
-14470405
-14478014
-14485625
-14493238
-14500853
-14508470
-14516089
-14523710
-14531333
-14538958
-14546585
-14554214
-14561845
-14569478
-14577113
-14584750
-14592389
-14600030
-14607673
-14615318
-14630614
-14638265
-14645918
-14653573
-14661230
-14668889
-14676550
-14684213
-14691878
-14699545
-14707214
-14714885
-14722558
-14730233
-14737910
-14745589
-14753270
-14760953
-14768638
-14776325
-14784014
-14791705
-14799398
-14807093
-14814790
-14822489
-14830190
-14837893
-14845598
-14853305
-14861014
-14868725
-14876438
-14884153
-14891870
-14899589
-14907310
-14915033
-14922758
-14930485
-14938214
-14945945
-14953678
-14969150
-14976889
-14984630
-14992373
-15000118
-15007865
-15015614
-15023365
-15031118
-15038873
-15046630
-15054389
-15062150
-15069913
-15077678
-15085445
-15093214
-15100985
-15108758
-15116533
-15124310
-15132089
-15139870
-15147653
-15155438
-15163225
-15171014
-15178805
-15186598
-15194393
-15202190
-15209989
-15217790
-15225593
-15233398
-15241205
-15249014
-15256825
-15264638
-15272453
-15280270
-15288089
-15295910
-15303733
-15311558
-15319385
-15327214
-15335045
-15342878
-15350713
-15358550
-15366389
-15374230
-15382073
-15389918
-15397765
-15405614
-15413465
-15421318
-15429173
-15437030
-15444889
-15452750
-15460613
-15468478
-15476345
-15484214
-15492085
-15499958
-15507833
-15515710
-15523589
-15531470
-15539353
-15547238
-15563014
-15570905
-15578798
-15586693
-15594590
-15602489
-15610390
-15618293
-15626198
-15634105
-15642014
-15649925
-15657838
-15665753
-15673670
-15681589
-15689510
-15697433
-15705358
-15713285
-15721214
-15729145
-15737078
-15745013
-15752950
-15760889
-15768830
-15776773
-15784718
-15792665
-15800614
-15808565
-15816518
-15824473
-15832430
-15840389
-15848350
-15856313
-15864278
-15872245
-15880214
-15888185
-15896158
-15904133
-15912110
-15920089
-15928070
-15944038
-15952025
-15960014
-15968005
-15975998
-15983993
-15991990
-15999989
-16007990
-16015993
-16023998
-16032005
-16040014
-16048025
-16056038
-16064053
-16072070
-16080089
-16088110
-16096133
-16104158
-16112185
-16120214
-16128245
-16136278
-16144313
-16152350
-16168430
-16176473
-16184518
-16192565
-16200614
-16208665
-16216718
-16232830
-16240889
-16248950
-16257013
-16265078
-16273145
-16281214
-16289285
-16297358
-16305433
-16313510
-16321589
-16329670
-16345838
-16353925
-16362014
-16370105
-16378198
-16394390
-16402489
-16410590
-16418693
-16426798
-16434905
-16443014
-16451125
-16459238
-16467353
-16475470
-16483589
-16491710
-16499833
-16507958
-16516085
-16524214
-16532345
-16540478
-16556750
-16564889
-16573030
-16581173
-16589318
-16597465
-16605614
-16613765
-16621918
-16630073
-16638230
-16646389
-16654550
-16662713
-16670878
-16679045
-16687214
-16695385
-16703558
-16711733
-16719910
-16728089
-16736270
-16744453
-16752638
-16760825
-16769014
-16777205
-16785398
-16793593
-16801790
-16809989
-16818190
-16826393
-16834598
-16842805
-16851014
-16859225
-16867438
-16875653
-16883870
-16892089
-16900310
-16908533
-16916758
-16924985
-16933214
-16941445
-16949678
-16957913
-16966150
-16974389
-16982630
-16999118
-17007365
-17015614
-17023865
-17032118
-17040373
-17048630
-17056889
-17065150
-17073413
-17081678
-17089945
-17098214
-17106485
-17114758
-17123033
-17131310
-17139589
-17147870
-17156153
-17164438
-17172725
-17181014
-17189305
-17197598
-17205893
-17214190
-17222489
-17239093
-17247398
-17255705
-17264014
-17272325
-17280638
-17288953
-17297270
-17305589
-17313910
-17322233
-17330558
-17338885
-17347214
-17355545
-17363878
-17372213
-17380550
-17388889
-17397230
-17405573
-17413918
-17422265
-17430614
-17438965
-17447318
-17455673
-17464030
-17472389
-17480750
-17489113
-17497478
-17505845
-17514214
-17522585
-17530958
-17539333
-17547710
-17556089
-17564470
-17572853
-17581238
-17589625
-17598014
-17606405
-17614798
-17623193
-17631590
-17639989
-17648390
-17656793
-17665198
-17673605
-17682014
-17690425
-17698838
-17707253
-17715670
-17724089
-17732510
-17740933
-17749358
-17757785
-17766214
-17774645
-17783078
-17791513
-17799950
-17808389
-17825273
-17833718
-17842165
-17850614
-17859065
-17867518
-17875973
-17884430
-17892889
-17901350
-17909813
-17918278
-17926745
-17935214
-17943685
-17952158
-17960633
-17969110
-17977589
-17986070
-17994553
-18003038
-18011525
-18020014
-18028505
-18036998
-18045493
-18053990
-18062489
-18070990
-18079493
-18087998
-18096505
-18105014
-18113525
-18122038
-18130553
-18139070
-18147589
-18156110
-18164633
-18173158
-18181685
-18190214
-18198745
-18207278
-18215813
-18224350
-18232889
-18241430
-18249973
-18258518
-18267065
-18275614
-18284165
-18292718
-18301273
-18309830
-18318389
-18326950
-18335513
-18344078
-18352645
-18361214
-18369785
-18378358
-18386933
-18395510
-18404089
-18412670
-18421253
-18429838
-18438425
-18447014
-18455605
-18464198
-18472793
-18481390
-18489989
-18498590
-18507193
-18515798
-18524405
-18533014
-18541625
-18550238
-18558853
-18567470
-18576089
-18584710
-18593333
-18601958
-18610585
-18619214
-18627845
-18636478
-18645113
-18653750
-18662389
-18671030
-18679673
-18688318
-18696965
-18705614
-18714265
-18722918
-18731573
-18740230
-18748889
-18757550
-18766213
-18774878
-18783545
-18792214
-18800885
-18809558
-18818233
-18826910
-18835589
-18844270
-18852953
-18861638
-18870325
-18879014
-18887705
-18896398
-18905093
-18913790
-18922489
-18931190
-18939893
-18948598
-18957305
-18966014
-18974725
-18983438
-18992153
-19000870
-19009589
-19018310
-19027033
-19035758
-19044485
-19053214
-19061945
-19070678
-19079413
-19088150
-19096889
-19105630
-19114373
-19123118
-19131865
-19140614
-19149365
-19158118
-19166873
-19175630
-19184389
-19193150
-19201913
-19210678
-19219445
-19228214
-19236985
-19245758
-19254533
-19263310
-19272089
-19280870
-19289653
-19298438
-19307225
-19316014
-19324805
-19333598
-19342393
-19351190
-19359989
-19368790
-19377593
-19386398
-19395205
-19404014
-19412825
-19421638
-19430453
-19448089
-19456910
-19465733
-19474558
-19483385
-19492214
-19501045
-19509878
-19518713
-19527550
-19536389
-19545230
-19554073
-19562918
-19571765
-19580614
-19589465
-19598318
-19607173
-19616030
-19624889
-19633750
-19642613
-19651478
-19660345
-19669214
-19678085
-19686958
-19695833
-19704710
-19722470
-19731353
-19740238
-19749125
-19758014
-19766905
-19775798
-19784693
-19793590
-19802489
-19811390
-19820293
-19829198
-19838105
-19847014
-19855925
-19864838
-19873753
-19882670
-19891589
-19900510
-19909433
-19918358
-19927285
-19936214
-19945145
-19954078
-19963013
-19971950
-19980889
-19989830
-19998773
-20007718
-20016665
-20025614
-20034565
-20043518
-20052473
-20061430
-20070389
-20079350
-20088313
-20097278
-20106245
-20115214
-20124185
-20133158
-20142133
-20151110
-20160089
-20169070
-20178053
-20187038
-20196025
-20205014
-20214005
-20222998
-20231993
-20240990
-20249989
-20258990
-20267993
-20276998
-20286005
-20295014
-20304025
-20313038
-20322053
-20331070
-20340089
-20349110
-20358133
-20367158
-20376185
-20385214
-20394245
-20403278
-20412313
-20421350
-20430389
-20439430
-20448473
-20457518
-20466565
-20475614
-20484665
-20493718
-20502773
-20511830
-20520889
-20529950
-20539013
-20548078
-20557145
-20566214
-20575285
-20584358
-20593433
-20602510
-20611589
-20620670
-20638838
-20647925
-20657014
-20666105
-20675198
-20684293
-20693390
-20702489
-20711590
-20720693
-20729798
-20738905
-20748014
-20757125
-20766238
-20775353
-20784470
-20793589
-20802710
-20811833
-20820958
-20830085
-20839214
-20848345
-20857478
-20866613
-20875750
-20884889
-20894030
-20903173
-20912318
-20921465
-20930614
-20939765
-20948918
-20958073
-20967230
-20976389
-20985550
-20994713
-21003878
-21013045
-21022214
-21031385
-21049733
-21058910
-21068089
-21077270
-21086453
-21104825
-21114014
-21123205
-21132398
-21141593
-21150790
-21159989
-21169190
-21178393
-21187598
-21196805
-21206014
-21215225
-21224438
-21233653
-21242870
-21252089
-21261310
-21270533
-21279758
-21288985
-21298214
-21307445
-21316678
-21325913
-21335150
-21344389
-21353630
-21362873
-21372118
-21381365
-21390614
-21399865
-21409118
-21418373
-21427630
-21436889
-21446150
-21455413
-21464678
-21473945
-21483214
-21492485
-21501758
-21511033
-21520310
-21529589
-21538870
-21548153
-21557438
-21566725
-21576014
-21585305
-21594598
-21603893
-21613190
-21622489
-21631790
-21641093
-21650398
-21659705
-21669014
-21678325
-21687638
-21696953
-21706270
-21715589
-21724910
-21734233
-21743558
-21752885
-21762214
-21771545
-21780878
-21790213
-21799550
-21808889
-21818230
-21827573
-21836918
-21846265
-21855614
-21864965
-21874318
-21883673
-21893030
-21902389
-21911750
-21921113
-21930478
-21939845
-21949214
-21958585
-21967958
-21977333
-21986710
-21996089
-22005470
-22014853
-22024238
-22033625
-22043014
-22052405
-22061798
-22071193
-22080590
-22089989
-22099390
-22108793
-22118198
-22127605
-22137014
-22146425
-22155838
-22165253
-22174670
-22184089
-22193510
-22202933
-22221785
-22231214
-22240645
-22250078
-22259513
-22268950
-22278389
-22287830
-22297273
-22306718
-22316165
-22325614
-22335065
-22344518
-22353973
-22363430
-22372889
-22391813
-22401278
-22410745
-22420214
-22429685
-22439158
-22448633
-22458110
-22467589
-22486553
-22496038
-22505525
-22515014
-22524505
-22533998
-22543493
-22552990
-22562489
-22571990
-22581493
-22590998
-22600505
-22610014
-22619525
-22629038
-22638553
-22648070
-22657589
-22667110
-22676633
-22686158
-22695685
-22705214
-22714745
-22724278
-22733813
-22743350
-22752889
-22762430
-22771973
-22781518
-22791065
-22800614
-22810165
-22819718
-22829273
-22838830
-22848389
-22857950
-22867513
-22877078
-22886645
-22896214
-22905785
-22915358
-22924933
-22934510
-22944089
-22953670
-22963253
-22972838
-22982425
-22992014
-23001605
-23011198
-23020793
-23030390
-23039989
-23049590
-23059193
-23068798
-23078405
-23088014
-23097625
-23107238
-23116853
-23126470
-23136089
-23145710
-23155333
-23164958
-23174585
-23184214
-23193845
-23203478
-23213113
-23222750
-23232389
-23242030
-23251673
-23261318
-23270965
-23280614
-23290265
-23299918
-23309573
-23319230
-23328889
-23348213
-23357878
-23367545
-23377214
-23386885
-23396558
-23406233
-23415910
-23425589
-23435270
-23444953
-23454638
-23464325
-23474014
-23483705
-23493398
-23503093
-23512790
-23522489
-23532190
-23541893
-23551598
-23561305
-23571014
-23580725
-23590438
-23600153
-23609870
-23619589
-23629310
-23639033
-23648758
-23658485
-23668214
-23677945
-23687678
-23697413
-23707150
-23716889
-23726630
-23736373
-23746118
-23755865
-23765614
-23775365
-23785118
-23794873
-23804630
-23824150
-23833913
-23843678
-23853445
-23863214
-23872985
-23882758
-23892533
-23902310
-23912089
-23921870
-23931653
-23941438
-23951225
-23961014
-23970805
-23980598
-23990393
-24000190
-24009989
-24019790
-24029593
-24039398
-24049205
-24059014
-24068825
-24078638
-24088453
-24098270
-24108089
-24117910
-24127733
-24137558
-24147385
-24157214
-24167045
-24176878
-24186713
-24196550
-24206389
-24216230
-24226073
-24235918
-24245765
-24255614
-24265465
-24275318
-24285173
-24295030
-24304889
-24314750
-24324613
-24334478
-24344345
-24354214
-24364085
-24373958
-24383833
-24393710
-24403589
-24413470
-24423353
-24443125
-24453014
-24462905
-24472798
-24482693
-24492590
-24502489
-24512390
-24522293
-24532198
-24542105
-24552014
-24561925
-24571838
-24581753
-24591670
-24601589
-24611510
-24621433
-24631358
-24641285
-24651214
-24661145
-24671078
-24681013
-24690950
-24700889
-24710830
-24720773
-24730718
-24740665
-24750614
-24760565
-24770518
-24780473
-24790430
-24800389
-24810350
-24820313
-24830278
-24840245
-24850214
-24860185
-24870158
-24880133
-24890110
-24900089
-24910070
-24920053
-24930038
-24940025
-24950014
-24960005
-24969998
-24979993
-24989990
-24999989
-25009990
-25019993
-25029998
-25040005
-25050014
-25060025
-25070038
-25080053
-25090070
-25100089
-25110110
-25120133
-25130158
-25140185
-25150214
-25160245
-25170278
-25190350
-25200389
-25210430
-25220473
-25230518
-25240565
-25250614
-25260665
-25270718
-25280773
-25290830
-25300889
-25310950
-25321013
-25331078
-25341145
-25361285
-25371358
-25381433
-25391510
-25401589
-25411670
-25421753
-25431838
-25441925
-25452014
-25462105
-25472198
-25482293
-25492390
-25502489
-25512590
-25522693
-25532798
-25542905
-25553014
-25563125
-25573238
-25583353
-25593470
-25603589
-25613710
-25623833
-25633958
-25644085
-25654214
-25664345
-25674478
-25684613
-25694750
-25704889
-25715030
-25725173
-25735318
-25745465
-25755614
-25765765
-25775918
-25786073
-25796230
-25806389
-25816550
-25826713
-25847045
-25857214
-25867385
-25877558
-25887733
-25897910
-25908089
-25918270
-25928453
-25938638
-25948825
