23
30
35
38
39
35
30
23
3
-10
-25
-61
-82
-105
-130
-157
-217
-250
-285
-361
-402
-445
-637
-690
-861
-985
-1186
-1330
-1405
-1482
-1561
-1642
-1725
-1810
-1986
-2077
-2265
-2362
-2461
-2665
-2877
-2986
-3097
-3442
-3682
-3805
-3930
-4057
-4585
-4722
-4861
-5002
-5145
-5290
-5437
-5586
-5737
-5890
-6045
-6522
-6685
-6850
-7017
-7186
-7705
-7882
-8061
-8610
-8797
-9177
-9762
-9961
-10162
-10365
-10986
-11197
-11410
-11842
-12061
-12282
-12505
-12730
-12957
-13650
-14122
-14602
-14845
-15090
-15586
-16090
-16345
-16602
-17122
-17650
-18186
-18457
-18730
-19561
-20125
-20697
