-5
2
7
10
11
7
2
-5
-25
-38
-53
-89
-110
-133
-158
-185
-245
-278
-313
-389
-430
-473
-665
-718
-889
-1013
-1214
-1358
-1433
-1510
-1589
-1670
-1753
-1838
-2014
-2105
-2293
-2390
-2489
-2693
-2905
-3014
-3125
-3470
-3710
-3833
-3958
-4085
-4613
-4750
-4889
-5030
-5173
-5318
-5465
-5614
-5765
-5918
-6073
-6550
-6713
-6878
-7045
-7214
-7733
-7910
-8089
-8638
-8825
-9205
-9790
-9989
-10190
-10393
-11014
-11225
-11438
-11870
-12089
-12310
-12533
-12758
-12985
-13678
-14150
-14630
-14873
-15118
-15614
-16118
-16373
-16630
-17150
-17678
-18214
-18485
-18758
-19589
-20153
-20725
