23
30
35
38
39
35
30
23
14
3
-10
-25
-42
-61
-82
-105
-130
-157
-186
-217
-250
-285
-322
-361
-402
-445
-490
-537
-586
-637
-690
-745
-802
-861
-922
-985
-1050
-1117
-1186
-1257
-1330
-1405
-1482
-1561
-1642
-1725
-1810
-1897
-1986
-2077
-2170
-2265
-2362
-2461
-2562
-2665
-2770
-2877
-2986
-3097
-3210
-3325
-3442
-3561
-3682
-3805
-3930
-4057
-4186
-4317
-4450
-4585
-4722
-4861
-5145
-5290
-5437
-5586
-5737
-5890
-6045
-6202
-6361
-6522
-6685
-6850
-7017
-7186
-7357
-7530
-7705
-7882
-8061
-8242
-8425
-8610
-8986
-9177
-9370
-9565
-9762
-9961
-10162
-10365
-10570
-10777
-10986
-11197
-11410
-11625
-11842
-12061
-12282
-12505
-12730
-12957
-13186
-13417
-13650
-13885
-14122
-14361
-14602
-14845
-15090
-15337
-15586
-15837
-16090
-16345
-16602
-16861
-17385
-17650
-17917
-18186
-18457
-18730
-19005
-19282
-19561
-19842
-20125
-20410
-20697
-20986
-21277
-21570
-21865
-22162
-22461
-22762
-23065
-23370
-23677
-23986
-24297
-24610
-24925
-25242
-25561
-25882
-26205
-26530
-26857
-27186
-27517
-27850
-28185
-28522
-28861
-29202
-29545
-29890
-30237
-30586
-30937
-31290
-31645
-32002
-32361
-32722
-33085
-33450
-33817
-34186
-34557
-34930
-35305
-35682
-36061
-36442
-36825
-37210
-37597
-37986
-38377
-38770
-39165
-39562
-39961
-40362
-40765
-41170
-41577
-41986
-42397
-42810
-43225
-43642
-44061
-44482
-44905
-45330
-45757
-46186
-46617
-47050
-47485
-47922
-48361
-48802
-49245
-49690
-50137
-50586
-51037
-51490
-51945
-52402
-52861
-53322
-53785
-54250
-54717
-55186
-55657
-56130
-56605
-57082
-57561
-58042
-58525
-59010
-59497
-59986
-60477
-60970
-61465
-61962
-62461
-62962
-63465
-63970
-64477
-64986
-65497
-66010
-66525
-67042
-67561
-68082
-68605
-69657
-70186
-70717
-71250
-71785
-72322
-72861
-73402
-73945
-74490
-75037
-75586
-76137
-76690
-77245
-77802
-78361
-78922
-79485
-80050
-80617
-81186
-81757
-82330
-82905
-83482
-84061
-84642
-85225
-85810
-86397
-86986
-87577
-88170
-88765
-89362
-89961
-90562
-91165
-91770
-92377
-92986
-93597
-94210
-94825
-95442
-96061
-96682
-97305
-97930
-98557
-99186
-99817
-100450
-101085
-101722
-102361
-103002
-104290
-104937
-105586
-106237
-106890
-107545
-108202
-108861
-109522
-110185
-110850
-111517
-112186
-112857
-113530
-114205
-114882
-115561
-116242
-116925
-117610
-118297
-118986
-119677
-120370
-121065
-121762
-122461
-123162
-123865
-124570
-125277
-125986
-126697
-127410
-128125
-128842
-129561
-130282
-131005
-131730
-132457
-133186
-133917
-134650
-135385
-136122
-136861
-137602
-138345
-139090
-140586
-141337
-142090
-142845
-143602
-144361
-145122
-145885
-146650
-147417
-148186
-148957
-149730
-150505
-151282
-152061
-152842
-153625
-154410
-155197
-155986
-156777
-157570
-158365
-159162
-159961
-160762
-161565
-162370
-163177
-163986
-164797
-165610
-166425
-167242
-168061
-168882
-169705
-170530
-171357
-172186
-173017
-173850
-174685
-175522
-176361
-177202
-178045
-178890
-179737
-180586
-182290
-183145
-184002
-184861
-185722
-186585
-187450
-188317
-189186
-190057
-190930
-191805
-192682
-193561
-194442
-195325
-197097
-197986
-198877
-199770
-200665
-201562
-202461
-203362
-204265
-205170
-206986
-207897
-208810
-209725
-210642
-211561
-212482
-213405
-214330
-215257
-216186
-217117
-218050
-218985
-219922
-220861
-221802
-222745
-223690
-224637
-225586
-226537
-228445
-229402
-230361
-231322
-232285
-233250
-234217
-235186
-236157
-237130
-238105
-239082
-240061
-241042
-242025
-243010
-243997
-244986
-245977
-247965
-248962
-249961
-250962
-251965
-252970
-253977
-254986
-255997
-257010
-258025
-259042
-260061
-261082
-262105
-263130
-264157
-265186
-266217
-267250
-268285
-269322
-270361
-271402
-272445
-273490
-274537
-276637
-277690
-278745
-279802
-280861
-281922
-282985
-284050
-285117
-286186
-287257
-288330
-289405
-290482
-291561
-292642
-293725
-294810
-296986
-298077
-299170
-300265
-301362
-302461
-303562
-304665
-305770
-306877
-307986
-309097
-310210
-311325
-313561
-314682
-315805
-316930
-318057
-319186
-320317
-321450
-322585
-323722
-324861
-326002
-327145
-328290
-329437
-330586
-331737
-332890
-334045
-335202
-336361
-337522
-338685
-339850
-341017
-342186
-343357
-344530
-345705
-346882
-348061
-349242
-350425
-351610
-352797
-353986
-355177
-356370
-357565
-358762
-359961
-361162
-362365
-363570
-364777
-365986
-367197
-368410
-369625
-370842
-372061
-373282
-374505
-375730
-378186
-379417
-380650
-381885
-383122
-384361
-385602
-386845
-388090
-389337
-390586
-391837
-393090
-394345
-395602
-396861
-398122
-399385
-400650
-401917
-403186
-404457
-405730
-407005
-408282
-409561
-410842
-412125
-413410
-414697
-415986
-417277
-418570
-419865
-421162
-422461
-423762
-425065
-426370
-427677
-428986
-430297
-431610
-432925
-435561
-436882
-438205
-439530
-440857
-442186
-443517
-444850
-446185
-447522
-448861
-450202
-451545
-452890
-454237
-455586
-456937
-458290
-459645
-461002
-462361
-463722
-465085
-469186
-470557
-471930
-473305
-474682
-476061
-477442
-478825
-480210
-481597
-482986
-484377
-485770
-487165
-488562
-489961
-491362
-492765
-494170
-495577
-496986
-498397
-499810
-501225
-502642
-504061
-505482
-506905
-508330
-509757
-511186
-512617
-514050
-515485
-516922
-518361
-519802
-521245
-522690
-524137
-525586
-527037
-528490
-529945
-531402
-532861
-534322
-535785
-537250
-538717
-540186
-541657
-543130
-544605
-546082
-547561
-549042
-550525
-553497
-554986
-556477
-557970
-559465
-560962
-562461
-563962
-565465
-566970
-568477
-569986
-571497
-573010
-574525
-576042
-577561
-579082
-580605
-582130
-583657
-585186
-586717
-588250
-589785
-591322
-594402
-595945
-597490
-599037
-600586
-602137
-603690
-605245
-606802
-608361
-609922
-611485
-613050
-614617
-616186
-617757
-619330
-620905
-622482
-624061
-625642
-627225
-628810
-630397
-631986
-633577
-635170
-636765
-638362
-639961
-641562
-643165
-644770
-646377
-647986
-649597
-651210
-652825
-654442
-656061
-657682
-659305
-660930
-662557
-664186
-665817
-667450
-669085
-670722
-672361
-674002
-675645
-677290
-678937
-680586
-682237
-683890
-685545
-687202
-688861
-690522
-692185
-693850
-695517
-697186
-698857
-700530
-702205
-703882
-705561
-707242
-708925
-710610
-712297
-713986
-715677
-717370
-719065
-720762
-722461
-724162
-725865
-727570
-729277
-730986
-732697
-734410
-736125
-737842
-739561
-741282
-743005
-744730
-746457
-748186
-749917
-751650
-753385
-755122
-756861
-758602
-760345
-762090
-763837
-765586
-767337
-769090
-770845
-772602
-774361
-776122
-777885
-779650
-781417
-783186
-784957
-786730
-788505
-790282
-792061
-793842
-795625
-797410
-799197
-800986
-802777
-804570
-806365
-808162
-809961
-811762
-813565
-815370
-817177
-818986
-820797
-822610
-824425
-826242
-828061
-829882
-831705
-833530
-835357
-837186
-839017
-840850
-842685
-844522
-846361
-848202
-850045
-851890
-853737
-855586
-857437
-859290
-861145
-863002
-864861
-866722
-868585
-870450
-872317
-874186
-876057
-877930
-879805
-881682
-883561
-885442
-887325
-889210
-891097
-892986
-894877
-896770
-898665
-900562
-902461
-904362
-906265
-908170
-910077
-911986
-913897
-915810
-917725
-919642
-921561
-923482
-925405
-927330
-929257
-931186
-933117
-935050
-936985
-940861
-942802
-944745
-946690
-948637
-950586
-952537
-954490
-956445
-958402
-960361
-962322
-964285
-966250
-968217
-970186
-972157
-974130
-976105
-978082
-980061
-982042
-984025
-987997
-989986
-991977
-993970
-995965
-997962
-999961
-1001962
-1003965
-1005970
-1007977
-1009986
-1011997
-1014010
-1016025
-1018042
-1020061
-1022082
-1024105
-1026130
-1028157
-1030186
-1032217
-1034250
-1036285
-1038322
-1040361
-1042402
-1044445
-1046490
-1048537
-1050586
-1052637
-1054690
-1056745
-1058802
-1060861
-1062922
-1067050
-1069117
-1071186
-1073257
-1075330
-1077405
-1079482
-1081561
-1083642
-1085725
-1087810
-1089897
-1091986
-1096170
-1098265
-1100362
-1102461
-1104562
-1106665
-1108770
-1110877
-1112986
-1115097
-1117210
-1119325
-1121442
-1123561
-1125682
-1127805
-1129930
-1134186
-1136317
-1138450
-1140585
-1142722
-1144861
-1147002
-1149145
-1151290
-1153437
-1155586
-1157737
-1159890
-1162045
-1164202
-1166361
-1168522
-1170685
-1172850
-1175017
-1177186
-1179357
-1181530
-1183705
-1185882
-1188061
-1190242
-1192425
-1194610
-1196797
-1198986
-1201177
-1203370
-1205565
-1207762
-1209961
-1212162
-1214365
-1216570
-1218777
-1220986
-1223197
-1225410
-1227625
-1229842
-1232061
-1234282
-1236505
-1238730
-1240957
-1243186
-1245417
-1247650
-1249885
-1252122
-1254361
-1256602
-1258845
-1261090
-1263337
-1265586
-1267837
-1270090
-1272345
-1274602
-1276861
-1279122
-1281385
-1283650
-1285917
-1288186
-1290457
-1292730
-1295005
-1297282
-1299561
-1301842
-1304125
-1306410
-1308697
-1310986
-1313277
-1315570
-1317865
-1320162
-1322461
-1324762
-1327065
-1329370
-1331677
-1333986
-1336297
-1338610
-1340925
-1343242
-1345561
-1347882
-1350205
-1352530
-1354857
-1357186
-1359517
-1361850
-1364185
-1366522
-1368861
-1371202
-1373545
-1375890
-1378237
-1380586
-1382937
-1385290
-1387645
-1390002
-1392361
-1394722
-1397085
-1399450
-1401817
-1404186
-1406557
-1408930
-1411305
-1413682
-1416061
-1418442
-1420825
-1423210
-1425597
-1427986
-1430377
-1432770
-1435165
-1437562
-1439961
-1442362
-1444765
-1447170
-1449577
-1451986
-1454397
-1456810
-1459225
-1461642
-1464061
-1466482
-1468905
-1471330
-1473757
-1476186
-1478617
-1481050
-1483485
-1485922
-1488361
-1490802
-1493245
-1495690
-1498137
-1500586
-1503037
-1505490
-1507945
-1510402
-1512861
-1515322
-1517785
-1520250
-1522717
-1525186
-1530130
-1532605
-1535082
-1537561
-1540042
-1542525
-1545010
-1547497
-1549986
-1552477
-1554970
-1557465
-1559962
-1562461
-1564962
-1567465
-1569970
-1572477
-1574986
-1577497
-1580010
-1582525
-1585042
-1587561
-1590082
-1592605
-1595130
-1597657
-1600186
-1602717
-1605250
-1607785
-1610322
-1612861
-1615402
-1617945
-1620490
-1623037
-1625586
-1628137
-1630690
-1633245
-1635802
-1638361
-1640922
-1643485
-1646050
-1648617
-1651186
-1653757
-1658905
-1661482
-1664061
-1666642
-1669225
-1671810
-1674397
-1676986
-1682170
-1684765
-1687362
-1689961
-1692562
-1695165
-1697770
-1700377
-1702986
-1705597
-1708210
-1710825
-1713442
-1716061
-1718682
-1721305
-1723930
-1726557
-1729186
-1731817
-1734450
-1737085
-1739722
-1742361
-1745002
-1747645
-1750290
-1752937
-1755586
-1758237
-1760890
-1763545
-1766202
-1768861
-1771522
-1774185
-1776850
-1779517
-1782186
-1784857
-1787530
-1790205
-1792882
-1795561
-1798242
-1800925
-1803610
-1806297
-1808986
-1811677
-1814370
-1817065
-1819762
-1822461
-1825162
-1827865
-1830570
-1833277
-1835986
-1838697
-1841410
-1844125
-1846842
-1849561
-1852282
-1855005
-1857730
-1860457
-1863186
-1865917
-1868650
-1871385
-1874122
-1876861
-1879602
-1882345
-1885090
-1887837
-1890586
-1893337
-1896090
-1898845
-1901602
-1904361
-1907122
-1912650
-1915417
-1918186
-1920957
-1923730
-1926505
-1929282
-1932061
-1934842
-1937625
-1940410
-1945986
-1948777
-1951570
-1954365
-1957162
-1959961
-1962762
-1965565
-1968370
-1971177
-1973986
-1976797
-1979610
-1982425
-1985242
-1988061
-1990882
-1993705
-1996530
-1999357
-2002186
-2005017
-2007850
-2010685
-2013522
-2016361
-2019202
-2022045
-2024890
-2027737
-2030586
-2033437
-2036290
-2039145
-2042002
-2044861
-2047722
-2050585
-2053450
-2059186
-2062057
-2064930
-2067805
-2070682
-2073561
-2076442
-2079325
-2082210
-2085097
-2087986
-2090877
-2093770
-2096665
-2099562
-2102461
-2105362
-2108265
-2111170
-2114077
-2116986
-2119897
-2122810
-2125725
-2128642
-2131561
-2134482
-2137405
-2140330
-2143257
-2146186
-2149117
-2152050
-2154985
-2157922
-2160861
-2163802
-2166745
-2169690
-2172637
-2175586
-2178537
-2181490
-2184445
-2187402
-2190361
-2193322
-2196285
-2199250
-2202217
-2205186
-2208157
-2211130
-2214105
-2217082
-2220061
-2223042
-2226025
-2229010
-2231997
-2234986
-2237977
-2240970
-2243965
-2246962
-2249961
-2252962
-2255965
-2258970
-2261977
-2264986
-2267997
-2271010
-2274025
-2277042
-2280061
-2283082
-2286105
-2289130
-2292157
-2295186
-2298217
-2301250
-2304285
-2307322
-2310361
-2313402
-2316445
-2319490
-2322537
-2325586
-2328637
-2331690
-2334745
-2337802
-2340861
-2343922
-2346985
-2350050
-2353117
-2356186
-2359257
-2362330
-2365405
-2368482
-2371561
-2374642
-2377725
-2380810
-2383897
-2386986
-2390077
-2393170
-2396265
-2399362
-2405562
-2408665
-2411770
-2414877
-2417986
-2421097
-2424210
-2427325
-2430442
-2433561
-2436682
-2439805
-2442930
-2446057
-2449186
-2452317
-2455450
-2458585
-2461722
-2464861
-2468002
-2471145
-2474290
-2477437
-2480586
-2483737
-2486890
-2490045
-2493202
-2496361
-2499522
-2502685
-2505850
-2509017
-2512186
-2515357
-2518530
-2521705
-2524882
-2528061
-2531242
-2537610
-2540797
-2543986
-2547177
-2550370
-2553565
-2556762
-2559961
-2563162
-2566365
-2569570
-2572777
-2575986
-2579197
-2582410
-2585625
-2588842
-2592061
-2595282
-2598505
-2601730
-2604957
-2608186
-2611417
-2614650
-2617885
-2624361
-2627602
-2630845
-2634090
-2637337
-2640586
-2643837
-2647090
-2650345
-2653602
-2656861
-2660122
-2663385
-2666650
-2669917
-2673186
-2676457
-2679730
-2683005
-2686282
-2692842
-2696125
-2699410
-2702697
-2705986
-2709277
-2712570
-2715865
-2719162
-2722461
-2725762
-2729065
-2732370
-2735677
-2738986
-2742297
-2745610
-2748925
-2752242
-2755561
-2758882
-2762205
-2765530
-2768857
-2772186
-2775517
-2778850
-2782185
-2785522
-2788861
-2792202
-2795545
-2798890
-2802237
-2805586
-2808937
-2812290
-2815645
-2819002
-2822361
-2825722
-2829085
-2832450
-2835817
-2839186
-2842557
-2845930
-2849305
-2852682
-2856061
-2859442
-2862825
-2866210
-2869597
-2872986
-2876377
-2879770
-2883165
-2886562
-2889961
-2893362
-2896765
-2900170
-2903577
-2906986
-2913810
-2917225
-2920642
-2924061
-2930905
-2934330
-2937757
-2941186
-2944617
-2948050
-2951485
-2954922
-2958361
-2961802
-2965245
-2968690
-2972137
-2975586
-2979037
-2982490
-2985945
-2989402
-2992861
-2996322
-2999785
-3003250
-3006717
-3010186
-3013657
-3017130
-3020605
-3024082
-3027561
-3031042
-3034525
-3038010
-3041497
-3048477
-3051970
-3055465
-3058962
-3062461
-3065962
-3069465
-3072970
-3076477
-3079986
-3083497
-3087010
-3090525
-3094042
-3097561
-3101082
-3104605
-3108130
-3111657
-3115186
-3118717
-3122250
-3125785
-3129322
-3132861
-3136402
-3139945
-3143490
-3147037
-3150586
-3154137
-3157690
-3161245
-3164802
-3168361
-3171922
-3175485
-3179050
-3182617
-3186186
-3189757
-3193330
-3196905
-3200482
-3204061
-3207642
-3211225
-3214810
-3218397
-3221986
-3225577
-3229170
-3232765
-3236362
-3239961
-3243562
-3247165
-3250770
-3254377
-3257986
-3261597
-3265210
-3268825
-3272442
-3276061
-3279682
-3283305
-3286930
-3290557
-3294186
-3297817
-3301450
-3305085
-3308722
-3312361
-3316002
-3319645
-3323290
-3326937
-3330586
-3334237
-3337890
-3341545
-3345202
-3348861
-3352522
-3356185
-3359850
-3363517
-3367186
-3370857
-3374530
-3378205
-3381882
-3385561
-3389242
-3392925
-3396610
-3400297
-3403986
-3407677
-3411370
-3415065
-3418762
-3422461
-3426162
-3429865
-3433570
-3437277
-3440986
-3444697
-3448410
-3452125
-3455842
-3459561
-3463282
-3467005
-3470730
-3474457
-3478186
-3481917
-3485650
-3489385
-3493122
-3496861
-3500602
-3504345
-3508090
-3511837
-3515586
-3519337
-3523090
-3526845
-3530602
-3534361
-3538122
-3541885
-3545650
-3549417
-3553186
-3556957
-3560730
-3564505
-3568282
-3572061
-3575842
-3579625
-3583410
-3587197
-3590986
-3594777
-3598570
-3602365
-3606162
-3609961
-3613762
-3617565
-3621370
-3628986
-3632797
-3636610
-3640425
-3644242
-3648061
-3651882
-3655705
-3659530
-3663357
-3667186
-3671017
-3674850
-3678685
-3682522
-3686361
-3690202
-3694045
-3697890
-3701737
-3705586
-3709437
-3713290
-3717145
-3721002
-3724861
-3728722
-3732585
-3736450
-3740317
-3744186
-3748057
-3751930
-3755805
-3759682
-3763561
-3767442
-3771325
-3775210
-3779097
-3782986
-3786877
-3790770
-3794665
-3798562
-3802461
-3806362
-3810265
-3814170
-3818077
-3821986
-3825897
-3829810
-3833725
-3837642
-3841561
-3845482
-3849405
-3853330
-3857257
-3861186
-3865117
-3869050
-3872985
-3876922
-3880861
-3884802
-3888745
-3892690
-3896637
-3900586
-3904537
-3908490
-3912445
-3916402
-3920361
-3924322
-3928285
-3932250
-3936217
-3940186
-3944157
-3948130
-3952105
-3956082
-3960061
-3964042
-3968025
-3972010
-3975997
-3979986
-3983977
-3987970
-3991965
-3995962
-3999961
-4003962
-4007965
-4011970
-4015977
-4019986
-4023997
-4028010
-4036042
-4040061
-4044082
-4048105
-4052130
-4056157
-4060186
-4064217
-4068250
-4072285
-4076322
-4080361
-4084402
-4088445
-4092490
-4096537
-4100586
-4104637
-4108690
-4112745
-4116802
-4120861
-4124922
-4128985
-4133050
-4137117
-4141186
-4145257
-4149330
-4153405
-4157482
-4161561
-4165642
-4169725
-4173810
-4177897
-4181986
-4186077
-4190170
-4194265
-4198362
-4202461
-4206562
-4210665
-4214770
-4218877
-4222986
-4227097
-4231210
-4235325
-4239442
-4243561
-4247682
-4251805
-4255930
-4260057
-4264186
-4268317
-4272450
-4276585
-4280722
-4284861
-4289002
-4293145
-4297290
-4301437
-4305586
-4309737
-4313890
-4318045
-4322202
-4326361
-4330522
-4334685
-4338850
-4343017
-4347186
-4351357
-4355530
-4359705
-4363882
-4368061
-4372242
-4376425
-4380610
-4384797
-4388986
-4393177
-4397370
-4401565
-4405762
-4409961
-4414162
-4418365
-4422570
-4426777
-4430986
-4435197
-4439410
-4443625
-4447842
-4452061
-4456282
-4460505
-4464730
-4468957
-4477417
-4481650
-4485885
-4490122
-4494361
-4498602
-4502845
-4507090
-4511337
-4515586
-4519837
-4524090
-4528345
-4532602
-4536861
-4541122
-4545385
-4549650
-4553917
-4558186
-4562457
-4566730
-4571005
-4575282
-4579561
-4583842
-4588125
-4592410
-4596697
-4600986
-4609570
-4613865
-4618162
-4622461
-4626762
-4631065
-4635370
-4639677
-4643986
-4648297
-4652610
-4656925
-4661242
-4665561
-4669882
-4674205
-4678530
-4682857
-4687186
-4691517
-4695850
-4700185
-4704522
-4708861
-4713202
-4717545
-4721890
-4726237
-4730586
-4734937
-4739290
-4743645
-4748002
-4752361
-4756722
-4761085
-4765450
-4769817
-4774186
-4778557
-4782930
-4787305
-4791682
-4796061
-4800442
-4804825
-4809210
-4813597
-4817986
-4822377
-4826770
-4831165
-4835562
-4839961
-4844362
-4848765
-4853170
-4857577
-4861986
-4866397
-4870810
-4875225
-4879642
-4884061
-4888482
-4892905
-4897330
-4901757
-4906186
-4915050
-4919485
-4923922
-4928361
-4932802
-4937245
-4941690
-4946137
-4950586
-4955037
-4959490
-4963945
-4968402
-4972861
-4977322
-4981785
-4986250
-4990717
-4995186
-4999657
-5004130
-5008605
-5013082
-5017561
-5022042
-5026525
-5031010
-5035497
-5039986
-5044477
-5048970
-5053465
-5057962
-5062461
-5066962
-5071465
-5075970
-5080477
-5084986
-5089497
-5094010
-5098525
-5103042
-5107561
-5112082
-5116605
-5121130
-5125657
-5130186
-5134717
-5139250
-5143785
-5148322
-5152861
-5157402
-5161945
-5166490
-5171037
-5175586
-5180137
-5184690
-5189245
-5193802
-5198361
-5202922
-5207485
-5212050
-5216617
-5221186
-5225757
-5230330
-5234905
-5239482
-5244061
-5248642
-5253225
-5257810
-5262397
-5266986
-5271577
-5276170
-5280765
-5285362
-5289961
-5294562
-5299165
-5303770
-5308377
-5312986
-5317597
-5322210
-5326825
-5331442
-5336061
-5340682
-5345305
-5354557
-5359186
-5363817
-5368450
-5373085
-5377722
-5382361
-5387002
-5391645
-5396290
-5400937
-5405586
-5410237
-5414890
-5419545
-5424202
-5428861
-5438185
-5442850
-5447517
-5452186
-5456857
-5461530
-5466205
-5470882
-5475561
-5480242
-5484925
-5489610
-5494297
-5498986
-5503677
-5508370
-5513065
-5517762
-5522461
-5527162
-5531865
-5536570
-5541277
-5545986
-5550697
-5555410
-5560125
-5564842
-5569561
-5574282
-5579005
-5583730
-5588457
-5593186
-5597917
-5602650
-5607385
-5612122
-5616861
-5621602
-5626345
-5631090
-5635837
-5640586
-5645337
-5650090
-5654845
-5659602
-5664361
-5669122
-5673885
-5678650
-5683417
-5688186
-5692957
-5697730
-5702505
-5707282
-5712061
-5716842
-5721625
-5726410
-5731197
-5735986
-5740777
-5750365
-5755162
-5759961
-5764762
-5769565
-5774370
-5779177
-5783986
-5788797
-5793610
-5798425
-5803242
-5808061
-5812882
-5817705
-5822530
-5827357
-5832186
-5837017
-5841850
-5846685
-5851522
-5856361
-5861202
-5866045
-5870890
-5875737
-5880586
-5885437
-5890290
-5895145
-5900002
-5904861
-5909722
-5914585
-5919450
-5924317
-5929186
-5934057
-5938930
-5943805
-5948682
-5953561
-5958442
-5963325
-5968210
-5973097
-5977986
-5982877
-5987770
-5992665
-5997562
-6007362
-6012265
-6017170
-6022077
-6026986
-6031897
-6036810
-6041725
-6046642
-6051561
-6056482
-6061405
-6066330
-6071257
-6076186
-6081117
-6086050
-6090985
-6095922
-6100861
-6105802
-6110745
-6115690
-6120637
-6125586
-6130537
-6135490
-6140445
-6145402
-6150361
-6155322
-6160285
-6165250
-6170217
-6175186
-6180157
-6185130
-6190105
-6195082
-6200061
-6205042
-6210025
-6215010
-6219997
-6224986
-6229977
-6234970
-6239965
-6244962
-6249961
-6254962
-6259965
-6264970
-6269977
-6274986
-6279997
-6285010
-6290025
-6295042
-6300061
-6305082
-6310105
-6315130
-6320157
-6325186
-6330217
-6335250
-6340285
-6345322
-6350361
-6355402
-6360445
-6365490
-6370537
-6375586
-6380637
-6385690
-6390745
-6395802
-6400861
-6405922
-6410985
-6416050
-6421117
-6426186
-6431257
-6436330
-6441405
-6446482
-6451561
-6456642
-6461725
-6466810
-6471897
-6476986
-6482077
-6487170
-6492265
-6497362
-6502461
-6507562
-6512665
-6517770
-6522877
-6527986
-6533097
-6538210
-6543325
-6548442
-6553561
-6558682
-6563805
-6568930
-6574057
-6579186
-6584317
-6589450
-6594585
-6599722
-6604861
-6610002
-6615145
-6620290
-6625437
-6630586
-6635737
-6640890
-6646045
-6651202
-6656361
-6661522
-6666685
-6671850
-6677017
-6682186
-6687357
-6692530
-6697705
-6702882
-6708061
-6713242
-6718425
-6723610
-6728797
-6733986
-6739177
-6744370
-6749565
-6754762
-6759961
-6765162
-6770365
-6775570
-6780777
-6785986
-6791197
-6796410
-6801625
-6806842
-6812061
-6817282
-6822505
-6827730
-6832957
-6838186
-6843417
-6848650
-6853885
-6859122
-6864361
-6869602
-6874845
-6880090
-6885337
-6890586
-6901090
-6906345
-6911602
-6916861
-6922122
-6927385
-6932650
-6937917
-6943186
-6948457
-6953730
-6959005
-6964282
-6969561
-6974842
-6985410
-6990697
-6995986
-7001277
-7006570
-7011865
-7017162
-7022461
-7027762
-7033065
-7038370
-7043677
-7048986
-7054297
-7059610
-7064925
-7070242
-7075561
-7080882
-7086205
-7091530
-7096857
-7102186
-7107517
-7112850
-7118185
-7123522
-7128861
-7134202
-7139545
-7144890
-7150237
-7155586
-7160937
-7166290
-7171645
-7177002
-7182361
-7187722
-7193085
-7198450
-7203817
-7209186
-7214557
-7219930
-7225305
-7230682
-7236061
-7241442
-7246825
-7252210
-7257597
-7262986
-7268377
-7273770
-7279165
-7289961
-7295362
-7300765
-7306170
-7311577
-7316986
-7322397
-7327810
-7333225
-7338642
-7344061
-7349482
-7354905
-7360330
-7365757
-7371186
-7382050
-7387485
-7392922
-7398361
-7403802
-7409245
-7414690
-7420137
-7425586
-7431037
-7436490
-7441945
-7447402
-7452861
-7458322
-7463785
-7469250
-7474717
-7480186
-7485657
-7491130
-7496605
-7502082
-7507561
-7513042
-7518525
-7529497
-7534986
-7540477
-7545970
-7551465
-7556962
-7562461
-7567962
-7573465
-7578970
-7584477
-7589986
-7595497
-7601010
-7606525
-7612042
-7617561
-7623082
-7628605
-7634130
-7639657
-7645186
-7650717
-7656250
-7661785
-7667322
-7672861
-7678402
-7683945
-7689490
-7695037
-7700586
-7706137
-7711690
-7717245
-7722802
-7728361
-7733922
-7739485
-7745050
-7750617
-7756186
-7761757
-7767330
-7772905
-7778482
-7784061
-7789642
-7795225
-7800810
-7806397
-7811986
-7817577
-7823170
-7828765
-7834362
-7839961
-7845562
-7851165
-7856770
-7862377
-7867986
-7873597
-7879210
-7884825
-7890442
-7901682
-7907305
-7912930
-7918557
-7924186
-7929817
-7935450
-7941085
-7952361
-7958002
-7963645
-7969290
-7974937
-7980586
-7986237
-7991890
-7997545
-8003202
-8008861
-8014522
-8020185
-8025850
-8031517
-8037186
-8042857
-8048530
-8054205
-8059882
-8065561
-8071242
-8076925
-8082610
-8088297
-8093986
-8099677
-8105370
-8111065
-8116762
-8122461
-8128162
-8133865
-8139570
-8145277
-8150986
-8156697
-8162410
-8168125
-8173842
-8179561
-8185282
-8191005
-8196730
-8202457
-8208186
-8213917
-8225385
-8231122
-8236861
-8242602
-8248345
-8254090
-8259837
-8265586
-8271337
-8277090
-8282845
-8288602
-8294361
-8300122
-8305885
-8311650
-8317417
-8323186
-8328957
-8334730
-8340505
-8346282
-8352061
-8357842
-8363625
-8369410
-8375197
-8380986
-8386777
-8392570
-8398365
-8404162
-8409961
-8415762
-8421565
-8427370
-8433177
-8438986
-8444797
-8450610
-8456425
-8462242
-8468061
-8473882
-8479705
-8485530
-8491357
-8497186
-8503017
-8508850
-8514685
-8520522
-8532202
-8538045
-8543890
-8549737
-8555586
-8561437
-8567290
-8573145
-8579002
-8584861
-8590722
-8596585
-8602450
-8608317
-8614186
-8620057
-8625930
-8631805
-8637682
-8643561
-8649442
-8655325
-8661210
-8667097
-8672986
-8678877
-8684770
-8690665
-8696562
-8702461
-8708362
-8714265
-8720170
-8726077
-8731986
-8737897
-8743810
-8749725
-8755642
-8761561
-8767482
-8773405
-8779330
-8785257
-8791186
-8797117
-8803050
-8808985
-8814922
-8820861
-8826802
-8832745
-8838690
-8844637
-8850586
-8856537
-8862490
-8868445
-8874402
-8880361
-8886322
-8892285
-8898250
-8904217
-8910186
-8916157
-8922130
-8928105
-8934082
-8940061
-8946042
-8952025
-8958010
-8963997
-8969986
-8975977
-8981970
-8987965
-8993962
-8999961
-9005962
-9011965
-9017970
-9023977
-9029986
-9035997
-9042010
-9048025
-9054042
-9060061
-9066082
-9072105
-9078130
-9084157
-9090186
-9096217
-9102250
-9108285
-9120361
-9126402
-9132445
-9138490
-9144537
-9150586
-9156637
-9162690
-9168745
-9174802
-9180861
-9186922
-9192985
-9199050
-9205117
-9211186
-9217257
-9223330
-9229405
-9235482
-9241561
-9247642
-9253725
-9259810
-9265897
-9271986
-9278077
-9284170
-9290265
-9296362
-9302461
-9308562
-9314665
-9320770
-9326877
-9332986
-9339097
-9345210
-9351325
-9357442
-9363561
-9369682
-9375805
-9381930
-9388057
-9394186
-9400317
-9406450
-9412585
-9418722
-9424861
-9431002
-9437145
-9443290
-9449437
-9455586
-9461737
-9467890
-9474045
-9480202
-9486361
-9492522
-9498685
-9504850
-9511017
-9517186
-9523357
-9529530
-9535705
-9541882
-9548061
-9554242
-9560425
-9566610
-9572797
-9578986
-9585177
-9591370
-9597565
-9603762
-9609961
-9616162
-9622365
-9628570
-9634777
-9640986
-9647197
-9653410
-9659625
-9665842
-9672061
-9678282
-9684505
-9690730
-9696957
-9703186
-9709417
-9715650
-9721885
-9728122
-9734361
-9740602
-9746845
-9753090
-9759337
-9765586
-9771837
-9778090
-9784345
-9790602
-9796861
-9803122
-9809385
-9815650
-9821917
-9828186
-9834457
-9840730
-9847005
-9853282
-9859561
-9865842
-9872125
-9878410
-9884697
-9890986
-9897277
-9903570
-9909865
-9916162
-9922461
-9928762
-9935065
-9941370
-9947677
-9953986
-9960297
-9966610
-9972925
-9979242
-9985561
-9991882
-9998205
-10004530
-10010857
-10017186
-10023517
-10029850
-10036185
-10042522
-10048861
-10055202
-10061545
-10067890
-10074237
-10080586
-10086937
-10093290
-10099645
-10106002
-10112361
-10118722
-10125085
-10131450
-10137817
-10144186
-10150557
-10156930
-10163305
-10169682
-10176061
-10182442
-10188825
-10195210
-10201597
-10207986
-10214377
-10220770
-10227165
-10233562
-10239961
-10246362
-10252765
-10259170
-10265577
-10278397
-10284810
-10291225
-10297642
-10304061
-10310482
-10316905
-10323330
-10329757
-10336186
-10342617
-10349050
-10355485
-10361922
-10368361
-10374802
-10381245
-10387690
-10394137
-10400586
-10407037
-10413490
-10419945
-10426402
-10432861
-10439322
-10445785
-10452250
-10458717
-10465186
-10471657
-10478130
-10484605
-10497561
-10504042
-10510525
-10517010
-10523497
-10529986
-10536477
-10542970
-10549465
-10555962
-10562461
-10568962
-10575465
-10581970
-10588477
-10594986
-10601497
-10608010
-10614525
-10621042
-10627561
-10634082
-10640605
-10647130
-10653657
-10660186
-10666717
-10673250
-10679785
-10686322
-10692861
-10699402
-10705945
-10712490
-10719037
-10725586
-10732137
-10738690
-10745245
-10751802
-10758361
-10764922
-10771485
-10778050
-10784617
-10791186
-10797757
-10804330
-10810905
-10817482
-10824061
-10830642
-10837225
-10843810
-10850397
-10856986
-10863577
-10870170
-10876765
-10889961
-10896562
-10903165
-10909770
-10916377
-10922986
-10929597
-10936210
-10942825
-10949442
-10956061
-10962682
-10969305
-10975930
-10982557
-10989186
-10995817
-11002450
-11009085
-11015722
-11022361
-11029002
-11035645
-11042290
-11048937
-11055586
-11062237
-11068890
-11075545
-11082202
-11088861
-11095522
-11102185
-11108850
-11115517
-11122186
-11128857
-11135530
-11142205
-11155561
-11162242
-11168925
-11175610
-11182297
-11188986
-11195677
-11202370
-11209065
-11215762
-11222461
-11229162
-11235865
-11242570
-11249277
-11255986
-11262697
-11269410
-11276125
-11282842
-11289561
-11296282
-11303005
-11309730
-11316457
-11323186
-11329917
-11336650
-11350122
-11356861
-11363602
-11370345
-11377090
-11383837
-11390586
-11397337
-11404090
-11410845
-11417602
-11424361
-11431122
-11437885
-11444650
-11451417
-11458186
-11464957
-11471730
-11478505
-11485282
-11492061
-11498842
-11505625
-11512410
-11519197
-11525986
-11532777
-11539570
-11546365
-11553162
-11566762
-11573565
-11580370
-11587177
-11593986
-11600797
-11607610
-11614425
-11621242
-11628061
-11634882
-11641705
-11648530
-11655357
-11662186
-11675850
-11682685
-11689522
-11696361
-11703202
-11710045
-11716890
-11723737
-11737437
-11744290
-11751145
-11758002
-11764861
-11771722
-11778585
-11785450
-11792317
-11799186
-11806057
-11812930
-11819805
-11826682
-11833561
-11840442
-11847325
-11854210
-11861097
-11867986
-11874877
-11881770
-11888665
-11895562
-11902461
-11909362
-11916265
-11923170
-11930077
-11936986
-11943897
-11950810
-11957725
-11964642
-11971561
-11978482
-11985405
-11992330
-11999257
-12006186
-12013117
-12020050
-12026985
-12033922
-12040861
-12047802
-12054745
-12061690
-12068637
-12075586
-12082537
-12089490
-12096445
-12103402
-12110361
-12117322
-12124285
-12131250
-12138217
-12145186
-12152157
-12159130
-12166105
-12173082
-12180061
-12187042
-12194025
-12201010
-12207997
-12214986
-12221977
-12228970
-12235965
-12242962
-12249961
-12256962
-12263965
-12270970
-12277977
-12284986
-12291997
-12299010
-12306025
-12313042
-12327082
-12334105
-12341130
-12348157
-12355186
-12362217
-12369250
-12376285
-12383322
-12390361
-12397402
-12404445
-12411490
-12418537
-12425586
-12432637
-12439690
-12446745
-12453802
-12460861
-12467922
-12474985
-12482050
-12489117
-12496186
-12503257
-12510330
-12517405
-12524482
-12531561
-12538642
-12545725
-12552810
-12559897
-12566986
-12574077
-12581170
-12588265
-12595362
-12602461
-12609562
-12616665
-12623770
-12630877
-12637986
-12645097
-12652210
-12659325
-12666442
-12673561
-12680682
-12687805
-12694930
-12702057
-12709186
-12716317
-12723450
-12730585
-12737722
-12752002
-12759145
-12766290
-12773437
-12780586
-12787737
-12794890
-12802045
-12809202
-12823522
-12830685
-12837850
-12845017
-12852186
-12859357
-12866530
-12873705
-12880882
-12888061
-12895242
-12902425
-12909610
-12916797
-12923986
-12931177
-12938370
-12945565
-12952762
-12959961
-12967162
-12974365
-12981570
-12988777
-12995986
-13003197
-13010410
-13017625
-13024842
-13032061
-13039282
-13046505
-13053730
-13060957
-13068186
-13075417
-13082650
-13089885
-13097122
-13104361
-13111602
-13118845
-13126090
-13133337
-13140586
-13147837
-13155090
-13162345
-13169602
-13176861
-13184122
-13191385
-13198650
-13205917
-13213186
-13220457
-13227730
-13235005
-13242282
-13249561
-13256842
-13264125
-13271410
-13278697
-13285986
-13293277
-13300570
-13307865
-13315162
-13322461
-13329762
-13337065
-13344370
-13351677
-13358986
-13366297
-13373610
-13380925
-13388242
-13395561
-13402882
-13410205
-13417530
-13424857
-13432186
-13439517
-13454185
-13461522
-13468861
-13476202
-13483545
-13490890
-13498237
-13505586
-13512937
-13520290
-13527645
-13535002
-13542361
-13549722
-13557085
-13564450
-13571817
-13579186
-13586557
-13593930
-13601305
-13608682
-13616061
-13623442
-13630825
-13638210
-13645597
-13652986
-13660377
-13667770
-13675165
-13682562
-13689961
-13697362
-13704765
-13712170
-13719577
-13726986
-13734397
-13741810
-13749225
-13756642
-13764061
-13771482
-13778905
-13786330
-13793757
-13801186
-13808617
-13816050
-13823485
-13830922
-13838361
-13845802
-13853245
-13860690
-13868137
-13875586
-13883037
-13890490
-13897945
-13905402
-13912861
-13920322
-13927785
-13935250
-13942717
-13950186
-13957657
-13965130
-13972605
-13980082
-13987561
-13995042
-14002525
-14010010
-14017497
-14024986
-14032477
-14047465
-14054962
-14062461
-14069962
-14077465
-14084970
-14092477
-14099986
-14107497
-14115010
-14122525
-14130042
-14137561
-14145082
-14152605
-14167657
-14175186
-14182717
-14190250
-14197785
-14205322
-14212861
-14220402
-14227945
-14235490
-14243037
-14250586
-14258137
-14265690
-14273245
-14280802
-14288361
-14295922
-14303485
-14311050
-14318617
-14326186
-14333757
-14341330
-14348905
-14356482
-14364061
-14371642
-14379225
-14386810
-14394397
-14401986
-14409577
-14417170
-14424765
-14439961
-14447562
-14455165
-14462770
-14470377
-14477986
-14485597
-14493210
-14500825
-14508442
-14516061
-14523682
-14531305
-14538930
-14546557
-14554186
-14561817
-14569450
-14577085
-14584722
-14592361
-14600002
-14607645
-14615290
-14630586
-14638237
-14645890
-14653545
-14661202
-14668861
-14676522
-14684185
-14691850
-14699517
-14707186
-14714857
-14722530
-14730205
-14737882
-14745561
-14753242
-14760925
-14768610
-14776297
-14783986
-14791677
-14799370
-14807065
-14814762
-14822461
-14830162
-14837865
-14845570
-14853277
-14860986
-14868697
-14876410
-14884125
-14891842
-14899561
-14907282
-14915005
-14922730
-14930457
-14938186
-14945917
-14953650
-14969122
-14976861
-14984602
-14992345
-15000090
-15007837
-15015586
-15023337
-15031090
-15038845
-15046602
-15054361
-15062122
-15069885
-15077650
-15085417
-15093186
-15100957
-15108730
-15116505
-15124282
-15132061
-15139842
-15147625
-15155410
-15163197
-15170986
-15178777
-15186570
-15194365
-15202162
-15209961
-15217762
-15225565
-15233370
-15241177
-15248986
-15256797
-15264610
-15272425
-15280242
-15288061
-15295882
-15303705
-15311530
-15319357
-15327186
-15335017
-15342850
-15350685
-15358522
-15366361
-15374202
-15382045
-15389890
-15397737
-15405586
-15413437
-15421290
-15429145
-15437002
-15444861
-15452722
-15460585
-15468450
-15476317
-15484186
-15492057
-15499930
-15507805
-15515682
-15523561
-15531442
-15539325
-15547210
-15562986
-15570877
-15578770
-15586665
-15594562
-15602461
-15610362
-15618265
-15626170
-15634077
-15641986
-15649897
-15657810
-15665725
-15673642
-15681561
-15689482
-15697405
-15705330
-15713257
-15721186
-15729117
-15737050
-15744985
-15752922
-15760861
-15768802
-15776745
-15784690
-15792637
-15800586
-15808537
-15816490
-15824445
-15832402
-15840361
-15848322
-15856285
-15864250
-15872217
-15880186
-15888157
-15896130
-15904105
-15912082
-15920061
-15928042
-15944010
-15951997
-15959986
-15967977
-15975970
-15983965
-15991962
-15999961
-16007962
-16015965
-16023970
-16031977
-16039986
-16047997
-16056010
-16064025
-16072042
-16080061
-16088082
-16096105
-16104130
-16112157
-16120186
-16128217
-16136250
-16144285
-16152322
-16168402
-16176445
-16184490
-16192537
-16200586
-16208637
-16216690
-16232802
-16240861
-16248922
-16256985
-16265050
-16273117
-16281186
-16289257
-16297330
-16305405
-16313482
-16321561
-16329642
-16345810
-16353897
-16361986
-16370077
-16378170
-16394362
-16402461
-16410562
-16418665
-16426770
-16434877
-16442986
-16451097
-16459210
-16467325
-16475442
-16483561
-16491682
-16499805
-16507930
-16516057
-16524186
-16532317
-16540450
-16556722
-16564861
-16573002
-16581145
-16589290
-16597437
-16605586
-16613737
-16621890
-16630045
-16638202
-16646361
-16654522
-16662685
-16670850
-16679017
-16687186
-16695357
-16703530
-16711705
-16719882
-16728061
-16736242
-16744425
-16752610
-16760797
-16768986
-16777177
-16785370
-16793565
-16801762
-16809961
-16818162
-16826365
-16834570
-16842777
-16850986
-16859197
-16867410
-16875625
-16883842
-16892061
-16900282
-16908505
-16916730
-16924957
-16933186
-16941417
-16949650
-16957885
-16966122
-16974361
-16982602
-16999090
-17007337
-17015586
-17023837
-17032090
-17040345
-17048602
-17056861
-17065122
-17073385
-17081650
-17089917
-17098186
-17106457
-17114730
-17123005
-17131282
-17139561
-17147842
-17156125
-17164410
-17172697
-17180986
-17189277
-17197570
-17205865
-17214162
-17222461
-17239065
-17247370
-17255677
-17263986
-17272297
-17280610
-17288925
-17297242
-17305561
-17313882
-17322205
-17330530
-17338857
-17347186
-17355517
-17363850
-17372185
-17380522
-17388861
-17397202
-17405545
-17413890
-17422237
-17430586
-17438937
-17447290
-17455645
-17464002
-17472361
-17480722
-17489085
-17497450
-17505817
-17514186
-17522557
-17530930
-17539305
-17547682
-17556061
-17564442
-17572825
-17581210
-17589597
-17597986
-17606377
-17614770
-17623165
-17631562
-17639961
-17648362
-17656765
-17665170
-17673577
-17681986
-17690397
-17698810
-17707225
-17715642
-17724061
-17732482
-17740905
-17749330
-17757757
-17766186
-17774617
-17783050
-17791485
-17799922
-17808361
-17825245
-17833690
-17842137
-17850586
-17859037
-17867490
-17875945
-17884402
-17892861
-17901322
-17909785
-17918250
-17926717
-17935186
-17943657
-17952130
-17960605
-17969082
-17977561
-17986042
-17994525
-18003010
-18011497
-18019986
-18028477
-18036970
-18045465
-18053962
-18062461
-18070962
-18079465
-18087970
-18096477
-18104986
-18113497
-18122010
-18130525
-18139042
-18147561
-18156082
-18164605
-18173130
-18181657
-18190186
-18198717
-18207250
-18215785
-18224322
-18232861
-18241402
-18249945
-18258490
-18267037
-18275586
-18284137
-18292690
-18301245
-18309802
-18318361
-18326922
-18335485
-18344050
-18352617
-18361186
-18369757
-18378330
-18386905
-18395482
-18404061
-18412642
-18421225
-18429810
-18438397
-18446986
-18455577
-18464170
-18472765
-18481362
-18489961
-18498562
-18507165
-18515770
-18524377
-18532986
-18541597
-18550210
-18558825
-18567442
-18576061
-18584682
-18593305
-18601930
-18610557
-18619186
-18627817
-18636450
-18645085
-18653722
-18662361
-18671002
-18679645
-18688290
-18696937
-18705586
-18714237
-18722890
-18731545
-18740202
-18748861
-18757522
-18766185
-18774850
-18783517
-18792186
-18800857
-18809530
-18818205
-18826882
-18835561
-18844242
-18852925
-18861610
-18870297
-18878986
-18887677
-18896370
-18905065
-18913762
-18922461
-18931162
-18939865
-18948570
-18957277
-18965986
-18974697
-18983410
-18992125
-19000842
-19009561
-19018282
-19027005
-19035730
-19044457
-19053186
-19061917
-19070650
-19079385
-19088122
-19096861
-19105602
-19114345
-19123090
-19131837
-19140586
-19149337
-19158090
-19166845
-19175602
-19184361
-19193122
-19201885
-19210650
-19219417
-19228186
-19236957
-19245730
-19254505
-19263282
-19272061
-19280842
-19289625
-19298410
-19307197
-19315986
-19324777
-19333570
-19342365
-19351162
-19359961
-19368762
-19377565
-19386370
-19395177
-19403986
-19412797
-19421610
-19430425
-19448061
-19456882
-19465705
-19474530
-19483357
-19492186
-19501017
-19509850
-19518685
-19527522
-19536361
-19545202
-19554045
-19562890
-19571737
-19580586
-19589437
-19598290
-19607145
-19616002
-19624861
-19633722
-19642585
-19651450
-19660317
-19669186
-19678057
-19686930
-19695805
-19704682
-19722442
-19731325
-19740210
-19749097
-19757986
-19766877
-19775770
-19784665
-19793562
-19802461
-19811362
-19820265
-19829170
-19838077
-19846986
-19855897
-19864810
-19873725
-19882642
-19891561
-19900482
-19909405
-19918330
-19927257
-19936186
-19945117
-19954050
-19962985
-19971922
-19980861
-19989802
-19998745
-20007690
-20016637
-20025586
-20034537
-20043490
-20052445
-20061402
-20070361
-20079322
-20088285
-20097250
-20106217
-20115186
-20124157
-20133130
-20142105
-20151082
-20160061
-20169042
-20178025
-20187010
-20195997
-20204986
-20213977
-20222970
-20231965
-20240962
-20249961
-20258962
-20267965
-20276970
-20285977
-20294986
-20303997
-20313010
-20322025
-20331042
-20340061
-20349082
-20358105
-20367130
-20376157
-20385186
-20394217
-20403250
-20412285
-20421322
-20430361
-20439402
-20448445
-20457490
-20466537
-20475586
-20484637
-20493690
-20502745
-20511802
-20520861
-20529922
-20538985
-20548050
-20557117
-20566186
-20575257
-20584330
-20593405
-20602482
-20611561
-20620642
-20638810
-20647897
-20656986
-20666077
-20675170
-20684265
-20693362
-20702461
-20711562
-20720665
-20729770
-20738877
-20747986
-20757097
-20766210
-20775325
-20784442
-20793561
-20802682
-20811805
-20820930
-20830057
-20839186
-20848317
-20857450
-20866585
-20875722
-20884861
-20894002
-20903145
-20912290
-20921437
-20930586
-20939737
-20948890
-20958045
-20967202
-20976361
-20985522
-20994685
-21003850
-21013017
-21022186
-21031357
-21049705
-21058882
-21068061
-21077242
-21086425
-21104797
-21113986
-21123177
-21132370
-21141565
-21150762
-21159961
-21169162
-21178365
-21187570
-21196777
-21205986
-21215197
-21224410
-21233625
-21242842
-21252061
-21261282
-21270505
-21279730
-21288957
-21298186
-21307417
-21316650
-21325885
-21335122
-21344361
-21353602
-21362845
-21372090
-21381337
-21390586
-21399837
-21409090
-21418345
-21427602
-21436861
-21446122
-21455385
-21464650
-21473917
-21483186
-21492457
-21501730
-21511005
-21520282
-21529561
-21538842
-21548125
-21557410
-21566697
-21575986
-21585277
-21594570
-21603865
-21613162
-21622461
-21631762
-21641065
-21650370
-21659677
-21668986
-21678297
-21687610
-21696925
-21706242
-21715561
-21724882
-21734205
-21743530
-21752857
-21762186
-21771517
-21780850
-21790185
-21799522
-21808861
-21818202
-21827545
-21836890
-21846237
-21855586
-21864937
-21874290
-21883645
-21893002
-21902361
-21911722
-21921085
-21930450
-21939817
-21949186
-21958557
-21967930
-21977305
-21986682
-21996061
-22005442
-22014825
-22024210
-22033597
-22042986
-22052377
-22061770
-22071165
-22080562
-22089961
-22099362
-22108765
-22118170
-22127577
-22136986
-22146397
-22155810
-22165225
-22174642
-22184061
-22193482
-22202905
-22221757
-22231186
-22240617
-22250050
-22259485
-22268922
-22278361
-22287802
-22297245
-22306690
-22316137
-22325586
-22335037
-22344490
-22353945
-22363402
-22372861
-22391785
-22401250
-22410717
-22420186
-22429657
-22439130
-22448605
-22458082
-22467561
-22486525
-22496010
-22505497
-22514986
-22524477
-22533970
-22543465
-22552962
-22562461
-22571962
-22581465
-22590970
-22600477
-22609986
-22619497
-22629010
-22638525
-22648042
-22657561
-22667082
-22676605
-22686130
-22695657
-22705186
-22714717
-22724250
-22733785
-22743322
-22752861
-22762402
-22771945
-22781490
-22791037
-22800586
-22810137
-22819690
-22829245
-22838802
-22848361
-22857922
-22867485
-22877050
-22886617
-22896186
-22905757
-22915330
-22924905
-22934482
-22944061
-22953642
-22963225
-22972810
-22982397
-22991986
-23001577
-23011170
-23020765
-23030362
-23039961
-23049562
-23059165
-23068770
-23078377
-23087986
-23097597
-23107210
-23116825
-23126442
-23136061
-23145682
-23155305
-23164930
-23174557
-23184186
-23193817
-23203450
-23213085
-23222722
-23232361
-23242002
-23251645
-23261290
-23270937
-23280586
-23290237
-23299890
-23309545
-23319202
-23328861
-23348185
-23357850
-23367517
-23377186
-23386857
-23396530
-23406205
-23415882
-23425561
-23435242
-23444925
-23454610
-23464297
-23473986
-23483677
-23493370
-23503065
-23512762
-23522461
-23532162
-23541865
-23551570
-23561277
-23570986
-23580697
-23590410
-23600125
-23609842
-23619561
-23629282
-23639005
-23648730
-23658457
-23668186
-23677917
-23687650
-23697385
-23707122
-23716861
-23726602
-23736345
-23746090
-23755837
-23765586
-23775337
-23785090
-23794845
-23804602
-23824122
-23833885
-23843650
-23853417
-23863186
-23872957
-23882730
-23892505
-23902282
-23912061
-23921842
-23931625
-23941410
-23951197
-23960986
-23970777
-23980570
-23990365
-24000162
-24009961
-24019762
-24029565
-24039370
-24049177
-24058986
-24068797
-24078610
-24088425
-24098242
-24108061
-24117882
-24127705
-24137530
-24147357
-24157186
-24167017
-24176850
-24186685
-24196522
-24206361
-24216202
-24226045
-24235890
-24245737
-24255586
-24265437
-24275290
-24285145
-24295002
-24304861
-24314722
-24324585
-24334450
-24344317
-24354186
-24364057
-24373930
-24383805
-24393682
-24403561
-24413442
-24423325
-24443097
-24452986
-24462877
-24472770
-24482665
-24492562
-24502461
-24512362
-24522265
-24532170
-24542077
-24551986
-24561897
-24571810
-24581725
-24591642
-24601561
-24611482
-24621405
-24631330
-24641257
-24651186
-24661117
-24671050
-24680985
-24690922
-24700861
-24710802
-24720745
-24730690
-24740637
-24750586
-24760537
-24770490
-24780445
-24790402
-24800361
-24810322
-24820285
-24830250
-24840217
-24850186
-24860157
-24870130
-24880105
-24890082
-24900061
-24910042
-24920025
-24930010
-24939997
-24949986
-24959977
-24969970
-24979965
-24989962
-24999961
-25009962
-25019965
-25029970
-25039977
-25049986
-25059997
-25070010
-25080025
-25090042
-25100061
-25110082
-25120105
-25130130
-25140157
-25150186
-25160217
-25170250
-25190322
-25200361
-25210402
-25220445
-25230490
-25240537
-25250586
-25260637
-25270690
-25280745
-25290802
-25300861
-25310922
-25320985
-25331050
-25341117
-25361257
-25371330
-25381405
-25391482
-25401561
-25411642
-25421725
-25431810
-25441897
-25451986
-25462077
-25472170
-25482265
-25492362
-25502461
-25512562
-25522665
-25532770
-25542877
-25552986
-25563097
-25573210
-25583325
-25593442
-25603561
-25613682
-25623805
-25633930
-25644057
-25654186
-25664317
-25674450
-25684585
-25694722
-25704861
-25715002
-25725145
-25735290
-25745437
-25755586
-25765737
-25775890
-25786045
-25796202
-25806361
-25816522
-25826685
-25847017
-25857186
-25867357
-25877530
-25887705
-25897882
-25908061
-25918242
-25928425
-25938610
-25948797
