23
30
35
38
39
38
35
30
14
3
-10
-25
-42
-82
-105
-130
-186
-217
-250
-285
-322
-361
-402
-445
-490
-586
-637
-690
-745
-802
-861
-922
-985
-1050
-1186
-1330
-1482
-1561
-1642
-1725
-1810
-1897
-1986
-2077
-2170
-2265
-2362
-2461
-2562
-2665
-2770
-2877
-2986
-3097
-3210
-3325
-3682
-3805
-3930
-4057
-4186
-4317
-4450
-4585
-4722
-5002
-5145
-5290
-5437
-5586
-5737
-5890
-6045
-6202
-6685
-6850
-7017
-7186
-7357
-7530
-7705
-7882
-8061
-8242
-8425
-8610
-8797
-8986
-9370
-9565
-9762
-9961
-10162
-10365
-10570
-10777
-10986
-11197
-11410
-11625
-11842
-12061
-12282
-12505
-12957
-13186
-13417
-13650
-13885
-14122
-14361
-14602
-14845
-15586
-15837
-16090
-16345
-16602
-16861
-17122
-17385
-17917
-18186
-18457
-18730
-19005
-19282
-19842
-20125
-20410
-20697
-20986
-21277
-21570
-21865
-22162
-22461
-22762
-23065
-23370
-23677
-23986
-24297
-24610
-24925
-25242
-25561
-25882
-26205
-26530
-26857
-27186
-27517
-27850
-28185
-28522
-29202
-29545
-29890
-30237
-30586
-30937
-31290
-31645
-32002
-32361
-32722
-33085
-33450
-33817
-34186
-34557
-34930
-35305
-35682
-36061
-36442
-36825
-37210
-37597
-37986
-38377
-38770
-39165
-39562
-39961
-40362
-40765
-41170
-41577
-41986
-42397
-42810
-43225
-43642
-44482
-44905
-45330
-45757
-46186
-46617
-47050
-47485
-47922
-48361
-48802
-49245
-49690
-50137
-50586
-51037
-51490
-51945
-52402
-52861
-53322
-53785
-54250
-54717
-55186
-55657
-56130
-56605
-57082
-58042
-58525
-59010
-59497
-59986
-60477
-61465
-61962
-62461
-62962
-63465
-63970
-64477
-64986
-65497
-66010
-66525
-67042
-68605
-69130
-69657
-70186
-70717
-71250
-71785
-72322
-72861
-73402
-73945
-75037
-75586
-76690
-77245
-77802
-78922
-79485
-80050
-80617
-81186
-81757
-82330
-83482
-84061
-84642
-85810
-86397
-87577
-88170
-88765
-89362
-89961
-90562
-91165
-92377
-92986
-93597
-94210
-94825
-95442
-96061
-96682
-97305
-97930
-98557
-99186
-100450
-101085
-101722
-102361
-103002
-103645
-104290
-104937
-105586
-106237
-106890
-107545
-108202
-108861
-109522
-110185
-111517
-112186
-113530
-114205
-114882
-116242
-116925
-117610
-118297
-119677
-120370
-121065
-121762
-122461
-123162
-123865
-124570
-125986
-126697
-127410
-128125
-128842
-129561
-130282
-131005
-131730
-132457
-133917
-135385
-136122
-136861
-137602
-138345
-139090
-139837
-140586
-141337
-142090
-142845
-143602
-144361
-145122
-145885
-146650
-147417
-148186
-148957
-149730
-150505
-151282
-152061
-152842
-153625
-154410
-155986
-156777
-157570
-158365
-159162
-159961
-160762
-161565
-162370
-163177
-163986
-164797
-165610
-166425
-167242
-168061
-168882
-169705
-170530
-171357
-172186
-173017
-173850
-174685
-175522
-176361
-177202
-178045
-178890
-179737
-180586
-181437
-182290
-183145
-184002
-184861
-185722
-186585
-187450
-188317
-189186
-190057
-190930
-191805
-193561
-194442
-196210
-197097
-197986
-198877
-199770
-200665
-201562
-202461
-204265
-205170
-206077
-206986
-207897
-208810
-209725
-210642
-211561
-213405
-214330
-215257
-216186
-217117
-218985
-219922
-220861
-221802
-222745
-223690
-224637
-225586
-226537
-227490
-228445
-229402
-230361
-231322
-232285
-234217
-235186
-236157
-237130
-238105
-239082
-240061
-242025
-243010
-243997
-244986
-245977
-246970
-247965
-248962
-249961
-250962
-251965
-252970
-253977
-254986
-255997
-257010
-258025
-259042
-260061
-261082
-262105
-263130
-264157
-265186
-266217
-267250
-268285
-269322
-270361
-271402
-272445
-273490
-275586
-276637
-277690
-278745
-279802
-280861
-281922
-285117
-286186
-287257
-288330
-289405
-290482
-291561
-292642
-293725
-294810
-295897
-296986
-298077
-299170
-301362
-302461
-303562
-304665
-305770
-306877
-307986
-309097
-310210
-311325
-312442
-313561
-314682
-315805
-316930
-318057
-319186
-320317
-321450
-322585
-323722
-324861
-326002
-327145
-328290
-329437
-330586
-331737
-332890
-334045
-335202
-336361
-337522
-338685
-339850
-341017
-342186
-343357
-344530
-345705
-346882
-349242
-350425
-352797
-353986
-355177
-356370
-357565
-358762
-359961
-362365
-363570
-364777
-365986
-367197
-368410
-369625
-370842
-373282
-374505
-375730
-376957
-378186
-379417
-384361
-385602
-388090
-389337
-390586
-391837
-393090
-394345
-395602
-396861
-398122
-400650
-403186
-404457
-405730
-407005
-408282
-409561
-410842
-412125
-413410
-414697
-415986
-417277
-418570
-419865
-421162
-425065
-426370
-427677
-428986
-430297
-432925
-434242
-435561
-436882
-438205
-439530
-440857
-442186
-443517
-444850
-446185
-447522
-448861
-450202
-451545
-452890
-454237
-455586
-456937
-458290
-459645
-461002
-462361
-463722
-465085
-466450
-467817
-469186
-470557
-471930
-473305
-474682
-476061
-477442
-478825
-480210
-481597
-482986
-484377
-485770
-487165
-488562
-489961
-491362
-492765
-494170
-496986
-499810
-501225
-504061
-505482
-506905
-508330
-511186
-512617
-514050
-515485
-516922
-518361
-519802
-521245
-522690
-524137
-525586
-527037
-528490
-529945
-534322
-535785
-537250
-538717
-540186
-541657
-543130
-544605
-546082
-547561
-549042
-550525
-552010
-553497
-554986
-556477
-557970
-559465
-560962
-562461
-563962
-566970
-568477
-569986
-571497
-573010
-574525
-576042
-577561
-579082
-580605
-582130
-585186
-586717
-588250
-589785
-591322
-592861
-594402
-595945
-597490
-599037
-600586
-602137
-603690
-605245
-606802
-608361
-609922
-611485
-613050
-614617
-616186
-617757
-619330
-620905
-622482
-624061
-625642
-627225
-628810
-630397
-631986
-633577
-635170
-636765
-639961
-641562
-643165
-644770
-646377
-647986
-649597
-651210
-652825
-654442
-657682
-659305
-660930
-662557
-664186
-665817
-667450
-669085
-670722
-672361
-674002
-677290
-678937
-680586
-682237
-685545
-687202
-688861
-692185
-693850
-695517
-697186
-698857
-700530
-702205
-703882
-705561
-707242
-708925
-710610
-712297
-713986
-715677
-717370
-719065
-720762
-722461
-724162
-725865
-727570
-729277
-730986
-732697
-734410
-736125
-737842
-739561
-741282
-743005
-744730
-746457
-748186
-749917
-751650
-753385
-755122
-756861
-758602
-760345
-762090
-763837
-765586
-767337
-769090
-772602
-774361
-776122
-777885
-779650
-781417
-783186
-786730
-788505
-790282
-792061
-793842
-795625
-799197
-800986
-802777
-804570
-806365
-808162
-809961
-811762
-813565
-815370
-817177
-818986
-820797
-822610
-824425
-826242
-828061
-829882
-831705
-833530
-837186
-839017
-840850
-842685
-844522
-846361
-848202
-850045
-851890
-853737
-855586
-857437
-859290
-861145
-864861
-866722
-868585
-870450
-872317
-874186
-876057
-877930
-879805
-881682
-885442
-887325
-889210
-891097
-892986
-894877
-896770
-898665
-900562
-902461
-904362
-906265
-908170
-910077
-911986
-913897
-915810
-917725
-919642
-921561
-923482
-925405
-929257
-931186
-935050
-936985
-938922
-940861
-946690
-948637
-950586
-954490
-956445
-958402
-960361
-962322
-964285
-966250
-970186
-972157
-976105
-978082
-980061
-982042
-984025
-986010
-987997
-989986
-991977
-993970
-995965
-999961
-1001962
-1003965
-1005970
-1007977
-1009986
-1011997
-1014010
-1016025
-1018042
-1020061
-1022082
-1024105
-1026130
-1028157
-1032217
-1034250
-1036285
-1038322
-1040361
-1042402
-1044445
-1046490
-1048537
-1050586
-1052637
-1054690
-1056745
-1058802
-1060861
-1062922
-1064985
-1067050
-1069117
-1073257
-1075330
-1077405
-1079482
-1081561
-1083642
-1085725
-1087810
-1089897
-1091986
-1094077
-1096170
-1100362
-1102461
-1104562
-1106665
-1108770
-1110877
-1112986
-1115097
-1117210
-1119325
-1121442
-1123561
-1125682
-1127805
-1129930
-1134186
-1136317
-1138450
-1140585
-1142722
-1144861
-1147002
-1149145
-1151290
-1153437
-1155586
-1157737
-1159890
-1162045
-1164202
-1166361
-1168522
-1170685
-1175017
-1177186
-1179357
-1183705
-1188061
-1190242
-1192425
-1194610
