-5
2
7
10
11
10
7
2
-14
-25
-38
-53
-70
-110
-133
-158
-214
-245
-278
-313
-350
-389
-430
-473
-518
-614
-665
-718
-773
-830
-889
-950
-1013
-1078
-1214
-1358
-1510
-1589
-1670
-1753
-1838
-1925
-2014
-2105
-2198
-2293
-2390
-2489
-2590
-2693
-2798
-2905
-3014
-3125
-3238
-3353
-3710
-3833
-3958
-4085
-4214
-4345
-4478
-4613
-4750
-5030
-5173
-5318
-5465
-5614
-5765
-5918
-6073
-6230
-6713
-6878
-7045
-7214
-7385
-7558
-7733
-7910
-8089
-8270
-8453
-8638
-8825
-9014
-9398
-9593
-9790
-9989
-10190
-10393
-10598
-10805
-11014
-11225
-11438
-11653
-11870
-12089
-12310
-12533
-12985
-13214
-13445
-13678
-13913
-14150
-14389
-14630
-14873
-15614
-15865
-16118
-16373
-16630
-16889
-17150
-17413
-17945
-18214
-18485
-18758
-19033
-19310
-19870
-20153
-20438
-20725
-21014
-21305
-21598
-21893
-22190
-22489
-22790
-23093
-23398
-23705
-24014
-24325
-24638
-24953
-25270
-25589
-25910
-26233
-26558
-26885
-27214
-27545
-27878
-28213
-28550
-29230
-29573
-29918
-30265
-30614
-30965
-31318
-31673
-32030
-32389
-32750
-33113
-33478
-33845
-34214
-34585
-34958
-35333
-35710
-36089
-36470
-36853
-37238
-37625
-38014
-38405
-38798
-39193
-39590
-39989
-40390
-40793
-41198
-41605
-42014
-42425
-42838
-43253
-43670
-44510
-44933
-45358
-45785
-46214
-46645
-47078
-47513
-47950
-48389
-48830
-49273
-49718
-50165
-50614
-51065
-51518
-51973
-52430
-52889
-53350
-53813
-54278
-54745
-55214
-55685
-56158
-56633
-57110
-58070
-58553
-59038
-59525
-60014
-60505
-61493
-61990
-62489
-62990
-63493
-63998
-64505
-65014
-65525
-66038
-66553
-67070
-68633
-69158
-69685
-70214
-70745
-71278
-71813
-72350
-72889
-73430
-73973
-75065
-75614
-76718
-77273
-77830
-78950
-79513
-80078
-80645
-81214
-81785
-82358
-83510
-84089
-84670
-85838
-86425
-87605
-88198
-88793
-89390
-89989
-90590
-91193
-92405
-93014
-93625
-94238
-94853
-95470
-96089
-96710
-97333
-97958
-98585
-99214
-100478
-101113
-101750
-102389
-103030
-103673
-104318
-104965
-105614
-106265
-106918
-107573
-108230
-108889
-109550
-110213
-111545
-112214
-113558
-114233
-114910
-116270
-116953
-117638
-118325
-119705
-120398
-121093
-121790
-122489
-123190
-123893
-124598
-126014
-126725
-127438
-128153
-128870
-129589
-130310
-131033
-131758
-132485
-133945
-135413
-136150
-136889
-137630
-138373
-139118
-139865
-140614
-141365
-142118
-142873
-143630
-144389
-145150
-145913
-146678
-147445
-148214
-148985
-149758
-150533
-151310
-152089
-152870
-153653
-154438
-156014
-156805
-157598
-158393
-159190
-159989
-160790
-161593
-162398
-163205
-164014
-164825
-165638
-166453
-167270
-168089
-168910
-169733
-170558
-171385
-172214
-173045
-173878
-174713
-175550
-176389
-177230
-178073
-178918
-179765
-180614
-181465
-182318
-183173
-184030
-184889
-185750
-186613
-187478
-188345
-189214
-190085
-190958
-191833
-193589
-194470
-196238
-197125
-198014
-198905
-199798
-200693
-201590
-202489
-204293
-205198
-206105
-207014
-207925
-208838
-209753
-210670
-211589
-213433
-214358
-215285
-216214
-217145
-219013
-219950
-220889
-221830
-222773
-223718
-224665
-225614
-226565
-227518
-228473
-229430
-230389
-231350
-232313
-234245
-235214
-236185
-237158
-238133
-239110
-240089
-242053
-243038
-244025
-245014
-246005
-246998
-247993
-248990
-249989
-250990
-251993
-252998
-254005
-255014
-256025
-257038
-258053
-259070
-260089
-261110
-262133
-263158
-264185
-265214
-266245
-267278
-268313
-269350
-270389
-271430
-272473
-273518
-275614
-276665
-277718
-278773
-279830
-280889
-281950
-285145
-286214
-287285
-288358
-289433
-290510
-291589
-292670
-293753
-294838
-295925
-297014
-298105
-299198
-301390
-302489
-303590
-304693
-305798
-306905
-308014
-309125
-310238
-311353
-312470
-313589
-314710
-315833
-316958
-318085
-319214
-320345
-321478
-322613
-323750
-324889
-326030
-327173
-328318
-329465
-330614
-331765
-332918
-334073
-335230
-336389
-337550
-338713
-339878
-341045
-342214
-343385
-344558
-345733
-346910
-349270
-350453
-352825
-354014
-355205
-356398
-357593
-358790
-359989
-362393
-363598
-364805
-366014
-367225
-368438
-369653
-370870
-373310
-374533
-375758
-376985
-378214
-379445
-384389
-385630
-388118
-389365
-390614
-391865
-393118
-394373
-395630
-396889
-398150
-400678
-403214
-404485
-405758
-407033
-408310
-409589
-410870
-412153
-413438
-414725
-416014
-417305
-418598
-419893
-421190
-425093
-426398
-427705
-429014
-430325
-432953
-434270
-435589
-436910
-438233
-439558
-440885
-442214
-443545
-444878
-446213
-447550
-448889
-450230
-451573
-452918
-454265
-455614
-456965
-458318
-459673
-461030
-462389
-463750
-465113
-466478
-467845
-469214
-470585
-471958
-473333
-474710
-476089
-477470
-478853
-480238
-481625
-483014
-484405
-485798
-487193
-488590
-489989
-491390
-492793
-494198
-497014
-499838
-501253
-504089
-505510
-506933
-508358
-511214
-512645
-514078
-515513
-516950
-518389
-519830
-521273
-522718
-524165
-525614
-527065
-528518
-529973
-534350
-535813
-537278
-538745
-540214
-541685
-543158
-544633
-546110
-547589
-549070
-550553
-552038
-553525
-555014
-556505
-557998
-559493
-560990
-562489
-563990
-566998
-568505
-570014
-571525
-573038
-574553
-576070
-577589
-579110
-580633
-582158
-585214
-586745
-588278
-589813
-591350
-592889
-594430
-595973
-597518
-599065
-600614
-602165
-603718
-605273
-606830
-608389
-609950
-611513
-613078
-614645
-616214
-617785
-619358
-620933
-622510
-624089
-625670
-627253
-628838
-630425
-632014
-633605
-635198
-636793
-639989
-641590
-643193
-644798
-646405
-648014
-649625
-651238
-652853
-654470
-657710
-659333
-660958
-662585
-664214
-665845
-667478
-669113
-670750
-672389
-674030
-677318
-678965
-680614
-682265
-685573
-687230
-688889
-692213
-693878
-695545
-697214
-698885
-700558
-702233
-703910
-705589
-707270
-708953
-710638
-712325
-714014
-715705
-717398
-719093
-720790
-722489
-724190
-725893
-727598
-729305
-731014
-732725
-734438
-736153
-737870
-739589
-741310
-743033
-744758
-746485
-748214
-749945
-751678
-753413
-755150
-756889
-758630
-760373
-762118
-763865
-765614
-767365
-769118
-772630
-774389
-776150
-777913
-779678
-781445
-783214
-786758
-788533
-790310
-792089
-793870
-795653
-799225
-801014
-802805
-804598
-806393
-808190
-809989
-811790
-813593
-815398
-817205
-819014
-820825
-822638
-824453
-826270
-828089
-829910
-831733
-833558
-837214
-839045
-840878
-842713
-844550
-846389
-848230
-850073
-851918
-853765
-855614
-857465
-859318
-861173
-864889
-866750
-868613
-870478
-872345
-874214
-876085
-877958
-879833
-881710
-885470
-887353
-889238
-891125
-893014
-894905
-896798
-898693
-900590
-902489
-904390
-906293
-908198
-910105
-912014
-913925
-915838
-917753
-919670
-921589
-923510
-925433
-929285
-931214
-935078
-937013
-938950
-940889
-946718
-948665
-950614
-954518
-956473
-958430
-960389
-962350
-964313
-966278
-970214
-972185
-976133
-978110
-980089
-982070
-984053
-986038
-988025
-990014
-992005
-993998
-995993
-999989
-1001990
-1003993
-1005998
-1008005
-1010014
-1012025
-1014038
-1016053
-1018070
-1020089
-1022110
-1024133
-1026158
-1028185
-1032245
-1034278
-1036313
-1038350
-1040389
-1042430
-1044473
-1046518
-1048565
-1050614
-1052665
-1054718
-1056773
-1058830
-1060889
-1062950
-1065013
-1067078
-1069145
-1073285
-1075358
-1077433
-1079510
-1081589
-1083670
-1085753
-1087838
-1089925
-1092014
-1094105
-1096198
-1100390
-1102489
-1104590
-1106693
-1108798
-1110905
-1113014
-1115125
-1117238
-1119353
-1121470
-1123589
-1125710
-1127833
-1129958
-1134214
-1136345
-1138478
-1140613
-1142750
-1144889
-1147030
-1149173
-1151318
-1153465
-1155614
-1157765
-1159918
-1162073
-1164230
-1166389
-1168550
-1170713
-1175045
-1177214
-1179385
-1183733
-1188089
-1190270
-1192453
-1194638
